Thorlabs Single Photon Counter Data Export

Date (YYYY-MM-DD):	2025-11-20
Time (HH:MM:SS):	10:53:14
Device Name:	SPCM50A
Serial Number:	M00296614
GUI Revision:	1.0 Build 23
Driver Revision:	1.1.0
Firmware Revision:	1.0.0

Application settings:
Operating Mode:	Free Running Timed Counter
Bin Length [ms]:	1
Time between Bins [ms]:	0.001
Pulse Blind Time [ns]:	0
Trigger Edge:	non-applicable
Array Measurement:	Yes
Array Measurement Continuously:	No
Bins per Array:	1000
Active APD Gating:	No
Fan Off:	No

Bin Number 	Counts per Bin 	Remarks
        1	          249 	
        2	          226 	
        3	          225 	
        4	          207 	
        5	          227 	
        6	          219 	
        7	          192 	
        8	          211 	
        9	          254 	
       10	          224 	
       11	          220 	
       12	          203 	
       13	          248 	
       14	          244 	
       15	          215 	
       16	          196 	
       17	          191 	
       18	          195 	
       19	          206 	
       20	          193 	
       21	          213 	
       22	          243 	
       23	          228 	
       24	          228 	
       25	          237 	
       26	          222 	
       27	          218 	
       28	          230 	
       29	          257 	
       30	          236 	
       31	          208 	
       32	          192 	
       33	          239 	
       34	          228 	
       35	          247 	
       36	          235 	
       37	          225 	
       38	          237 	
       39	          220 	
       40	          203 	
       41	          198 	
       42	          228 	
       43	          217 	
       44	          210 	
       45	          231 	
       46	          214 	
       47	          240 	
       48	          233 	
       49	          186 	
       50	          243 	
       51	          230 	
       52	          207 	
       53	          236 	
       54	          236 	
       55	          223 	
       56	          248 	
       57	          228 	
       58	          197 	
       59	          230 	
       60	          220 	
       61	          215 	
       62	          235 	
       63	          225 	
       64	          265 	
       65	          244 	
       66	          238 	
       67	          228 	
       68	          199 	
       69	          218 	
       70	          265 	
       71	          210 	
       72	          226 	
       73	          220 	
       74	          213 	
       75	          217 	
       76	          245 	
       77	          228 	
       78	          218 	
       79	          213 	
       80	          220 	
       81	          241 	
       82	          213 	
       83	          241 	
       84	          232 	
       85	          231 	
       86	          223 	
       87	          239 	
       88	          237 	
       89	          210 	
       90	          216 	
       91	          221 	
       92	          225 	
       93	          249 	
       94	          219 	
       95	          257 	
       96	          248 	
       97	          241 	
       98	          223 	
       99	          240 	
      100	          219 	
      101	          223 	
      102	          258 	
      103	          214 	
      104	          246 	
      105	          231 	
      106	          228 	
      107	          216 	
      108	          235 	
      109	          225 	
      110	          232 	
      111	          229 	
      112	          214 	
      113	          227 	
      114	          216 	
      115	          229 	
      116	          252 	
      117	          241 	
      118	          222 	
      119	          233 	
      120	          233 	
      121	          215 	
      122	          203 	
      123	          227 	
      124	          221 	
      125	          209 	
      126	          225 	
      127	          217 	
      128	          201 	
      129	          240 	
      130	          220 	
      131	          199 	
      132	          226 	
      133	          207 	
      134	          233 	
      135	          225 	
      136	          196 	
      137	          231 	
      138	          232 	
      139	          209 	
      140	          210 	
      141	          200 	
      142	          238 	
      143	          225 	
      144	          228 	
      145	          205 	
      146	          242 	
      147	          215 	
      148	          233 	
      149	          270 	
      150	          271 	
      151	          219 	
      152	          212 	
      153	          217 	
      154	          252 	
      155	          222 	
      156	          223 	
      157	          215 	
      158	          211 	
      159	          237 	
      160	          210 	
      161	          226 	
      162	          212 	
      163	          248 	
      164	          206 	
      165	          242 	
      166	          192 	
      167	          228 	
      168	          234 	
      169	          246 	
      170	          217 	
      171	          235 	
      172	          240 	
      173	          229 	
      174	          225 	
      175	          231 	
      176	          224 	
      177	          233 	
      178	          221 	
      179	          223 	
      180	          207 	
      181	          215 	
      182	          226 	
      183	          210 	
      184	          210 	
      185	          217 	
      186	          231 	
      187	          229 	
      188	          245 	
      189	          255 	
      190	          220 	
      191	          275 	
      192	          189 	
      193	          201 	
      194	          217 	
      195	          237 	
      196	          225 	
      197	          244 	
      198	          233 	
      199	          228 	
      200	          248 	
      201	          213 	
      202	          259 	
      203	          236 	
      204	          215 	
      205	          226 	
      206	          254 	
      207	          230 	
      208	          227 	
      209	          221 	
      210	          232 	
      211	          207 	
      212	          218 	
      213	          255 	
      214	          218 	
      215	          223 	
      216	          212 	
      217	          229 	
      218	          238 	
      219	          226 	
      220	          223 	
      221	          229 	
      222	          200 	
      223	          240 	
      224	          218 	
      225	          234 	
      226	          223 	
      227	          230 	
      228	          232 	
      229	          252 	
      230	          208 	
      231	          226 	
      232	          246 	
      233	          230 	
      234	          221 	
      235	          197 	
      236	          220 	
      237	          236 	
      238	          242 	
      239	          209 	
      240	          215 	
      241	          235 	
      242	          218 	
      243	          199 	
      244	          231 	
      245	          227 	
      246	          234 	
      247	          234 	
      248	          220 	
      249	          197 	
      250	          218 	
      251	          208 	
      252	          240 	
      253	          219 	
      254	          222 	
      255	          220 	
      256	          206 	
      257	          221 	
      258	          210 	
      259	          247 	
      260	          230 	
      261	          232 	
      262	          232 	
      263	          217 	
      264	          235 	
      265	          223 	
      266	          225 	
      267	          214 	
      268	          208 	
      269	          233 	
      270	          220 	
      271	          203 	
      272	          244 	
      273	          210 	
      274	          240 	
      275	          236 	
      276	          230 	
      277	          211 	
      278	          205 	
      279	          209 	
      280	          213 	
      281	          241 	
      282	          220 	
      283	          245 	
      284	          244 	
      285	          232 	
      286	          238 	
      287	          232 	
      288	          241 	
      289	          240 	
      290	          227 	
      291	          262 	
      292	          230 	
      293	          189 	
      294	          228 	
      295	          221 	
      296	          224 	
      297	          224 	
      298	          239 	
      299	          222 	
      300	          208 	
      301	          213 	
      302	          214 	
      303	          218 	
      304	          246 	
      305	          266 	
      306	          205 	
      307	          254 	
      308	          217 	
      309	          201 	
      310	          239 	
      311	          208 	
      312	          223 	
      313	          225 	
      314	          209 	
      315	          219 	
      316	          225 	
      317	          224 	
      318	          251 	
      319	          239 	
      320	          230 	
      321	          243 	
      322	          215 	
      323	          245 	
      324	          214 	
      325	          216 	
      326	          232 	
      327	          189 	
      328	          213 	
      329	          205 	
      330	          192 	
      331	          252 	
      332	          216 	
      333	          249 	
      334	          230 	
      335	          194 	
      336	          232 	
      337	          221 	
      338	          222 	
      339	          230 	
      340	          221 	
      341	          218 	
      342	          221 	
      343	          231 	
      344	          212 	
      345	          249 	
      346	          248 	
      347	          235 	
      348	          219 	
      349	          224 	
      350	          213 	
      351	          229 	
      352	          203 	
      353	          240 	
      354	          227 	
      355	          208 	
      356	          254 	
      357	          210 	
      358	          220 	
      359	          218 	
      360	          223 	
      361	          230 	
      362	          260 	
      363	          224 	
      364	          210 	
      365	          233 	
      366	          201 	
      367	          214 	
      368	          243 	
      369	          236 	
      370	          216 	
      371	          214 	
      372	          230 	
      373	          233 	
      374	          261 	
      375	          221 	
      376	          216 	
      377	          216 	
      378	          236 	
      379	          213 	
      380	          223 	
      381	          210 	
      382	          228 	
      383	          223 	
      384	          218 	
      385	          233 	
      386	          240 	
      387	          252 	
      388	          242 	
      389	          199 	
      390	          216 	
      391	          221 	
      392	          233 	
      393	          234 	
      394	          235 	
      395	          241 	
      396	          248 	
      397	          197 	
      398	          213 	
      399	          235 	
      400	          225 	
      401	          220 	
      402	          221 	
      403	          199 	
      404	          198 	
      405	          215 	
      406	          208 	
      407	          223 	
      408	          240 	
      409	          233 	
      410	          191 	
      411	          233 	
      412	          221 	
      413	          205 	
      414	          232 	
      415	          210 	
      416	          218 	
      417	          247 	
      418	          223 	
      419	          202 	
      420	          226 	
      421	          228 	
      422	          227 	
      423	          214 	
      424	          220 	
      425	          230 	
      426	          233 	
      427	          251 	
      428	          201 	
      429	          214 	
      430	          213 	
      431	          228 	
      432	          252 	
      433	          222 	
      434	          220 	
      435	          221 	
      436	          248 	
      437	          234 	
      438	          234 	
      439	          225 	
      440	          219 	
      441	          237 	
      442	          226 	
      443	          218 	
      444	          226 	
      445	          219 	
      446	          222 	
      447	          238 	
      448	          235 	
      449	          204 	
      450	          206 	
      451	          231 	
      452	          239 	
      453	          225 	
      454	          212 	
      455	          226 	
      456	          208 	
      457	          211 	
      458	          212 	
      459	          228 	
      460	          226 	
      461	          230 	
      462	          225 	
      463	          208 	
      464	          208 	
      465	          197 	
      466	          212 	
      467	          224 	
      468	          204 	
      469	          241 	
      470	          219 	
      471	          241 	
      472	          224 	
      473	          225 	
      474	          209 	
      475	          210 	
      476	          207 	
      477	          245 	
      478	          227 	
      479	          233 	
      480	          211 	
      481	          230 	
      482	          223 	
      483	          212 	
      484	          204 	
      485	          222 	
      486	          238 	
      487	          222 	
      488	          229 	
      489	          212 	
      490	          214 	
      491	          229 	
      492	          223 	
      493	          222 	
      494	          211 	
      495	          236 	
      496	          244 	
      497	          233 	
      498	          235 	
      499	          245 	
      500	          215 	
      501	          230 	
      502	          197 	
      503	          224 	
      504	          232 	
      505	          239 	
      506	          226 	
      507	          225 	
      508	          214 	
      509	          201 	
      510	          278 	
      511	          222 	
      512	          209 	
      513	          224 	
      514	          226 	
      515	          221 	
      516	          227 	
      517	          229 	
      518	          223 	
      519	          225 	
      520	          248 	
      521	          207 	
      522	          214 	
      523	          226 	
      524	          215 	
      525	          259 	
      526	          222 	
      527	          257 	
      528	          205 	
      529	          218 	
      530	          233 	
      531	          224 	
      532	          197 	
      533	          224 	
      534	          210 	
      535	          237 	
      536	          227 	
      537	          235 	
      538	          227 	
      539	          208 	
      540	          235 	
      541	          226 	
      542	          215 	
      543	          199 	
      544	          205 	
      545	          242 	
      546	          239 	
      547	          218 	
      548	          248 	
      549	          191 	
      550	          188 	
      551	          228 	
      552	          245 	
      553	          226 	
      554	          239 	
      555	          225 	
      556	          214 	
      557	          214 	
      558	          212 	
      559	          219 	
      560	          223 	
      561	          250 	
      562	          204 	
      563	          223 	
      564	          228 	
      565	          227 	
      566	          231 	
      567	          209 	
      568	          241 	
      569	          241 	
      570	          243 	
      571	          208 	
      572	          204 	
      573	          193 	
      574	          232 	
      575	          218 	
      576	          222 	
      577	          217 	
      578	          227 	
      579	          203 	
      580	          231 	
      581	          223 	
      582	          243 	
      583	          219 	
      584	          203 	
      585	          220 	
      586	          195 	
      587	          220 	
      588	          219 	
      589	          198 	
      590	          213 	
      591	          206 	
      592	          229 	
      593	          203 	
      594	          208 	
      595	          235 	
      596	          233 	
      597	          255 	
      598	          218 	
      599	          228 	
      600	          242 	
      601	          214 	
      602	          251 	
      603	          208 	
      604	          203 	
      605	          236 	
      606	          211 	
      607	          209 	
      608	          242 	
      609	          221 	
      610	          225 	
      611	          214 	
      612	          253 	
      613	          254 	
      614	          214 	
      615	          224 	
      616	          242 	
      617	          247 	
      618	          245 	
      619	          233 	
      620	          225 	
      621	          254 	
      622	          209 	
      623	          233 	
      624	          239 	
      625	          243 	
      626	          235 	
      627	          247 	
      628	          207 	
      629	          240 	
      630	          250 	
      631	          232 	
      632	          238 	
      633	          224 	
      634	          239 	
      635	          212 	
      636	          238 	
      637	          241 	
      638	          222 	
      639	          216 	
      640	          225 	
      641	          208 	
      642	          213 	
      643	          237 	
      644	          213 	
      645	          229 	
      646	          229 	
      647	          229 	
      648	          232 	
      649	          207 	
      650	          217 	
      651	          208 	
      652	          206 	
      653	          240 	
      654	          220 	
      655	          236 	
      656	          232 	
      657	          229 	
      658	          281 	
      659	          217 	
      660	          244 	
      661	          266 	
      662	          241 	
      663	          234 	
      664	          204 	
      665	          213 	
      666	          234 	
      667	          205 	
      668	          236 	
      669	          224 	
      670	          221 	
      671	          241 	
      672	          199 	
      673	          226 	
      674	          225 	
      675	          204 	
      676	          220 	
      677	          215 	
      678	          229 	
      679	          231 	
      680	          214 	
      681	          225 	
      682	          196 	
      683	          255 	
      684	          235 	
      685	          228 	
      686	          193 	
      687	          256 	
      688	          256 	
      689	          240 	
      690	          236 	
      691	          232 	
      692	          226 	
      693	          227 	
      694	          210 	
      695	          212 	
      696	          198 	
      697	          212 	
      698	          214 	
      699	          206 	
      700	          238 	
      701	          220 	
      702	          227 	
      703	          220 	
      704	          247 	
      705	          237 	
      706	          212 	
      707	          267 	
      708	          237 	
      709	          216 	
      710	          207 	
      711	          233 	
      712	          222 	
      713	          222 	
      714	          220 	
      715	          233 	
      716	          225 	
      717	          206 	
      718	          245 	
      719	          236 	
      720	          219 	
      721	          223 	
      722	          224 	
      723	          229 	
      724	          242 	
      725	          248 	
      726	          240 	
      727	          220 	
      728	          238 	
      729	          218 	
      730	          261 	
      731	          222 	
      732	          231 	
      733	          215 	
      734	          215 	
      735	          233 	
      736	          222 	
      737	          195 	
      738	          211 	
      739	          242 	
      740	          242 	
      741	          207 	
      742	          243 	
      743	          213 	
      744	          232 	
      745	          216 	
      746	          222 	
      747	          208 	
      748	          235 	
      749	          232 	
      750	          209 	
      751	          229 	
      752	          214 	
      753	          219 	
      754	          199 	
      755	          204 	
      756	          220 	
      757	          223 	
      758	          233 	
      759	          217 	
      760	          226 	
      761	          231 	
      762	          245 	
      763	          238 	
      764	          209 	
      765	          238 	
      766	          232 	
      767	          232 	
      768	          241 	
      769	          218 	
      770	          234 	
      771	          229 	
      772	          236 	
      773	          238 	
      774	          214 	
      775	          233 	
      776	          206 	
      777	          231 	
      778	          238 	
      779	          211 	
      780	          229 	
      781	          209 	
      782	          229 	
      783	          203 	
      784	          218 	
      785	          216 	
      786	          249 	
      787	          243 	
      788	          249 	
      789	          237 	
      790	          223 	
      791	          230 	
      792	          237 	
      793	          216 	
      794	          231 	
      795	          244 	
      796	          213 	
      797	          242 	
      798	          258 	
      799	          195 	
      800	          218 	
      801	          244 	
      802	          205 	
      803	          258 	
      804	          239 	
      805	          235 	
      806	          229 	
      807	          211 	
      808	          266 	
      809	          212 	
      810	          222 	
      811	          237 	
      812	          226 	
      813	          239 	
      814	          224 	
      815	          235 	
      816	          203 	
      817	          227 	
      818	          226 	
      819	          219 	
      820	          203 	
      821	          237 	
      822	          223 	
      823	          208 	
      824	          224 	
      825	          237 	
      826	          225 	
      827	          182 	
      828	          219 	
      829	          221 	
      830	          247 	
      831	          226 	
      832	          206 	
      833	          204 	
      834	          226 	
      835	          247 	
      836	          216 	
      837	          236 	
      838	          220 	
      839	          229 	
      840	          227 	
      841	          205 	
      842	          209 	
      843	          238 	
      844	          205 	
      845	          222 	
      846	          225 	
      847	          233 	
      848	          205 	
      849	          237 	
      850	          216 	
      851	          221 	
      852	          211 	
      853	          236 	
      854	          219 	
      855	          263 	
      856	          223 	
      857	          241 	
      858	          216 	
      859	          200 	
      860	          209 	
      861	          220 	
      862	          217 	
      863	          225 	
      864	          246 	
      865	          233 	
      866	          213 	
      867	          231 	
      868	          248 	
      869	          208 	
      870	          244 	
      871	          205 	
      872	          240 	
      873	          235 	
      874	          259 	
      875	          237 	
      876	          233 	
      877	          206 	
      878	          200 	
      879	          218 	
      880	          206 	
      881	          204 	
      882	          230 	
      883	          192 	
      884	          224 	
      885	          225 	
      886	          218 	
      887	          221 	
      888	          228 	
      889	          209 	
      890	          225 	
      891	          235 	
      892	          241 	
      893	          219 	
      894	          219 	
      895	          213 	
      896	          215 	
      897	          210 	
      898	          215 	
      899	          250 	
      900	          232 	
      901	          225 	
      902	          219 	
      903	          217 	
      904	          255 	
      905	          241 	
      906	          238 	
      907	          209 	
      908	          229 	
      909	          233 	
      910	          199 	
      911	          255 	
      912	          227 	
      913	          206 	
      914	          191 	
      915	          231 	
      916	          197 	
      917	          226 	
      918	          233 	
      919	          239 	
      920	          215 	
      921	          212 	
      922	          243 	
      923	          214 	
      924	          237 	
      925	          246 	
      926	          217 	
      927	          225 	
      928	          202 	
      929	          191 	
      930	          259 	
      931	          261 	
      932	          223 	
      933	          238 	
      934	          237 	
      935	          209 	
      936	          235 	
      937	          225 	
      938	          224 	
      939	          224 	
      940	          219 	
      941	          200 	
      942	          245 	
      943	          240 	
      944	          246 	
      945	          227 	
      946	          223 	
      947	          229 	
      948	          225 	
      949	          196 	
      950	          231 	
      951	          192 	
      952	          221 	
      953	          198 	
      954	          227 	
      955	          217 	
      956	          198 	
      957	          226 	
      958	          216 	
      959	          217 	
      960	          218 	
      961	          220 	
      962	          214 	
      963	          233 	
      964	          223 	
      965	          202 	
      966	          244 	
      967	          235 	
      968	          229 	
      969	          246 	
      970	          216 	
      971	          183 	
      972	          243 	
      973	          210 	
      974	          226 	
      975	          217 	
      976	          212 	
      977	          237 	
      978	          231 	
      979	          241 	
      980	          241 	
      981	          232 	
      982	          231 	
      983	          224 	
      984	          230 	
      985	          206 	
      986	          229 	
      987	          227 	
      988	          225 	
      989	          235 	
      990	          221 	
      991	          239 	
      992	          225 	
      993	          237 	
      994	          236 	
      995	          242 	
      996	          232 	
      997	          203 	
      998	          227 	
      999	          225 	
     1000	          240 	
