Thorlabs Single Photon Counter Data Export

Date (YYYY-MM-DD):	2025-11-20
Time (HH:MM:SS):	10:59:01
Device Name:	SPCM50A
Serial Number:	M00296614
GUI Revision:	1.0 Build 23
Driver Revision:	1.1.0
Firmware Revision:	1.0.0

Application settings:
Operating Mode:	Free Running Timed Counter
Bin Length [ms]:	1
Time between Bins [ms]:	0.001
Pulse Blind Time [ns]:	0
Trigger Edge:	non-applicable
Array Measurement:	Yes
Array Measurement Continuously:	No
Bins per Array:	1000
Active APD Gating:	No
Fan Off:	No

Bin Number 	Counts per Bin 	Remarks
        1	          124 	
        2	          123 	
        3	          122 	
        4	          113 	
        5	          113 	
        6	          104 	
        7	          116 	
        8	          111 	
        9	          102 	
       10	          108 	
       11	          123 	
       12	          100 	
       13	          133 	
       14	          137 	
       15	          111 	
       16	           97 	
       17	          125 	
       18	          126 	
       19	          103 	
       20	          103 	
       21	          134 	
       22	          131 	
       23	          120 	
       24	          131 	
       25	          128 	
       26	          105 	
       27	          126 	
       28	           97 	
       29	          115 	
       30	          109 	
       31	          128 	
       32	          101 	
       33	          137 	
       34	          105 	
       35	          129 	
       36	          110 	
       37	          124 	
       38	          128 	
       39	          124 	
       40	          110 	
       41	          101 	
       42	          112 	
       43	          125 	
       44	          106 	
       45	          114 	
       46	          122 	
       47	          114 	
       48	           99 	
       49	          114 	
       50	          125 	
       51	          116 	
       52	          115 	
       53	          103 	
       54	          113 	
       55	          120 	
       56	          111 	
       57	          108 	
       58	          123 	
       59	          126 	
       60	           96 	
       61	          109 	
       62	          131 	
       63	          135 	
       64	          116 	
       65	          132 	
       66	          120 	
       67	          118 	
       68	          111 	
       69	          131 	
       70	          140 	
       71	          123 	
       72	          134 	
       73	          118 	
       74	          122 	
       75	          113 	
       76	          104 	
       77	          120 	
       78	          114 	
       79	          127 	
       80	          122 	
       81	          110 	
       82	          125 	
       83	          110 	
       84	          102 	
       85	          106 	
       86	          122 	
       87	          108 	
       88	          126 	
       89	          118 	
       90	          105 	
       91	          102 	
       92	          124 	
       93	          128 	
       94	          133 	
       95	          126 	
       96	          122 	
       97	          100 	
       98	          104 	
       99	          123 	
      100	          134 	
      101	          109 	
      102	          106 	
      103	          122 	
      104	          119 	
      105	          122 	
      106	          120 	
      107	          111 	
      108	          103 	
      109	          117 	
      110	          116 	
      111	          105 	
      112	          121 	
      113	          114 	
      114	          111 	
      115	          123 	
      116	          110 	
      117	          120 	
      118	          126 	
      119	          123 	
      120	          107 	
      121	          131 	
      122	          115 	
      123	          113 	
      124	          116 	
      125	          126 	
      126	          111 	
      127	          121 	
      128	          131 	
      129	          106 	
      130	          110 	
      131	          124 	
      132	          117 	
      133	          131 	
      134	          131 	
      135	          132 	
      136	          122 	
      137	           92 	
      138	          136 	
      139	          116 	
      140	          110 	
      141	          122 	
      142	          127 	
      143	          129 	
      144	          115 	
      145	          103 	
      146	          120 	
      147	          115 	
      148	          120 	
      149	          116 	
      150	          142 	
      151	          107 	
      152	          111 	
      153	          108 	
      154	          128 	
      155	          113 	
      156	          110 	
      157	          111 	
      158	           99 	
      159	          130 	
      160	          102 	
      161	          118 	
      162	          117 	
      163	          129 	
      164	          125 	
      165	          113 	
      166	          119 	
      167	          125 	
      168	          127 	
      169	          112 	
      170	          134 	
      171	          137 	
      172	          112 	
      173	          112 	
      174	          123 	
      175	          120 	
      176	          132 	
      177	          144 	
      178	           99 	
      179	           99 	
      180	          129 	
      181	          126 	
      182	          124 	
      183	          117 	
      184	          128 	
      185	          119 	
      186	          120 	
      187	          117 	
      188	          119 	
      189	          119 	
      190	          123 	
      191	          144 	
      192	          122 	
      193	          104 	
      194	          120 	
      195	          111 	
      196	          111 	
      197	          100 	
      198	          122 	
      199	          140 	
      200	          123 	
      201	          109 	
      202	          114 	
      203	          111 	
      204	          114 	
      205	          113 	
      206	           96 	
      207	          122 	
      208	          117 	
      209	          115 	
      210	          114 	
      211	          122 	
      212	          131 	
      213	          108 	
      214	          102 	
      215	          124 	
      216	          121 	
      217	          114 	
      218	          120 	
      219	          120 	
      220	          145 	
      221	          144 	
      222	          121 	
      223	          121 	
      224	          118 	
      225	          122 	
      226	          112 	
      227	          125 	
      228	          110 	
      229	          118 	
      230	          118 	
      231	          119 	
      232	          118 	
      233	          127 	
      234	          116 	
      235	          117 	
      236	          131 	
      237	          110 	
      238	          151 	
      239	          126 	
      240	          112 	
      241	           98 	
      242	          109 	
      243	          120 	
      244	          124 	
      245	          115 	
      246	          114 	
      247	          113 	
      248	          114 	
      249	          106 	
      250	          116 	
      251	          127 	
      252	          114 	
      253	          113 	
      254	          109 	
      255	          140 	
      256	          116 	
      257	          130 	
      258	          131 	
      259	          104 	
      260	          111 	
      261	          114 	
      262	          124 	
      263	          114 	
      264	          106 	
      265	          122 	
      266	           97 	
      267	          110 	
      268	           98 	
      269	          113 	
      270	          133 	
      271	          119 	
      272	          118 	
      273	           92 	
      274	          101 	
      275	          124 	
      276	          133 	
      277	          134 	
      278	          120 	
      279	          148 	
      280	          111 	
      281	          115 	
      282	          112 	
      283	          122 	
      284	          115 	
      285	          115 	
      286	          148 	
      287	          113 	
      288	          131 	
      289	          130 	
      290	          134 	
      291	          128 	
      292	          110 	
      293	          112 	
      294	          110 	
      295	          114 	
      296	           99 	
      297	          125 	
      298	          108 	
      299	          129 	
      300	          113 	
      301	          136 	
      302	          121 	
      303	          134 	
      304	          117 	
      305	          130 	
      306	          121 	
      307	          127 	
      308	          113 	
      309	          120 	
      310	          128 	
      311	          120 	
      312	          110 	
      313	          116 	
      314	          103 	
      315	          135 	
      316	          121 	
      317	          105 	
      318	          134 	
      319	           99 	
      320	          101 	
      321	          119 	
      322	          123 	
      323	          106 	
      324	          120 	
      325	          119 	
      326	          112 	
      327	          122 	
      328	          124 	
      329	          125 	
      330	          119 	
      331	          130 	
      332	          128 	
      333	          121 	
      334	          114 	
      335	          123 	
      336	          119 	
      337	          105 	
      338	          111 	
      339	          106 	
      340	          130 	
      341	          108 	
      342	          119 	
      343	           97 	
      344	          125 	
      345	          110 	
      346	          127 	
      347	          113 	
      348	          117 	
      349	          119 	
      350	          140 	
      351	          100 	
      352	          121 	
      353	          116 	
      354	          114 	
      355	          117 	
      356	          104 	
      357	          114 	
      358	          120 	
      359	          109 	
      360	          110 	
      361	           96 	
      362	          123 	
      363	          108 	
      364	          114 	
      365	          112 	
      366	          124 	
      367	          123 	
      368	          117 	
      369	          113 	
      370	          119 	
      371	          108 	
      372	          111 	
      373	          124 	
      374	          124 	
      375	           96 	
      376	          127 	
      377	          113 	
      378	          120 	
      379	          107 	
      380	          108 	
      381	          129 	
      382	          117 	
      383	          137 	
      384	          108 	
      385	          119 	
      386	          130 	
      387	          138 	
      388	          120 	
      389	          120 	
      390	          109 	
      391	          122 	
      392	          121 	
      393	          110 	
      394	          139 	
      395	          121 	
      396	          120 	
      397	          132 	
      398	          106 	
      399	          107 	
      400	          107 	
      401	          103 	
      402	          121 	
      403	          102 	
      404	          151 	
      405	          122 	
      406	          101 	
      407	          114 	
      408	          118 	
      409	           95 	
      410	          104 	
      411	          103 	
      412	          128 	
      413	          132 	
      414	          139 	
      415	          101 	
      416	          107 	
      417	          107 	
      418	          127 	
      419	          127 	
      420	          126 	
      421	          124 	
      422	          128 	
      423	          135 	
      424	          113 	
      425	          133 	
      426	          128 	
      427	          122 	
      428	          115 	
      429	          116 	
      430	          119 	
      431	          118 	
      432	          126 	
      433	          120 	
      434	          113 	
      435	          116 	
      436	           97 	
      437	          123 	
      438	          100 	
      439	          126 	
      440	          115 	
      441	          143 	
      442	          121 	
      443	          120 	
      444	          115 	
      445	          111 	
      446	          131 	
      447	          105 	
      448	          136 	
      449	          131 	
      450	          125 	
      451	          128 	
      452	          136 	
      453	          101 	
      454	          107 	
      455	          128 	
      456	          147 	
      457	          108 	
      458	          113 	
      459	          120 	
      460	          120 	
      461	          114 	
      462	          120 	
      463	          112 	
      464	          114 	
      465	          139 	
      466	          119 	
      467	          124 	
      468	          106 	
      469	          113 	
      470	          110 	
      471	          114 	
      472	          119 	
      473	          120 	
      474	          122 	
      475	          127 	
      476	          103 	
      477	          127 	
      478	          107 	
      479	          127 	
      480	          111 	
      481	          136 	
      482	          115 	
      483	          126 	
      484	          126 	
      485	          121 	
      486	           94 	
      487	          108 	
      488	          123 	
      489	           96 	
      490	          127 	
      491	          114 	
      492	          125 	
      493	          111 	
      494	          107 	
      495	          106 	
      496	          107 	
      497	          119 	
      498	          125 	
      499	          137 	
      500	          122 	
      501	           95 	
      502	          113 	
      503	          112 	
      504	          119 	
      505	          129 	
      506	          109 	
      507	          115 	
      508	          132 	
      509	          116 	
      510	          114 	
      511	          108 	
      512	          133 	
      513	           96 	
      514	          104 	
      515	          118 	
      516	          107 	
      517	          130 	
      518	          112 	
      519	          120 	
      520	          129 	
      521	          111 	
      522	          102 	
      523	          120 	
      524	          123 	
      525	          114 	
      526	          103 	
      527	          100 	
      528	           95 	
      529	          109 	
      530	          110 	
      531	          104 	
      532	          117 	
      533	          124 	
      534	          117 	
      535	          111 	
      536	          127 	
      537	          103 	
      538	          109 	
      539	          105 	
      540	          106 	
      541	          104 	
      542	          120 	
      543	          114 	
      544	          119 	
      545	          128 	
      546	          108 	
      547	          116 	
      548	          111 	
      549	          104 	
      550	          120 	
      551	          118 	
      552	          133 	
      553	          129 	
      554	          101 	
      555	          103 	
      556	          112 	
      557	           97 	
      558	          118 	
      559	          128 	
      560	          122 	
      561	          117 	
      562	          101 	
      563	          137 	
      564	          126 	
      565	          118 	
      566	          114 	
      567	           96 	
      568	          108 	
      569	          116 	
      570	          125 	
      571	          130 	
      572	          118 	
      573	          120 	
      574	          107 	
      575	          122 	
      576	          117 	
      577	           91 	
      578	          115 	
      579	          110 	
      580	          119 	
      581	          125 	
      582	          110 	
      583	          123 	
      584	          127 	
      585	          124 	
      586	          111 	
      587	          138 	
      588	          126 	
      589	          115 	
      590	          111 	
      591	          108 	
      592	          121 	
      593	          114 	
      594	          121 	
      595	          136 	
      596	          119 	
      597	          125 	
      598	          121 	
      599	          123 	
      600	          114 	
      601	          112 	
      602	          134 	
      603	          113 	
      604	           99 	
      605	          116 	
      606	          124 	
      607	          104 	
      608	          130 	
      609	          114 	
      610	           95 	
      611	          124 	
      612	          110 	
      613	          125 	
      614	          122 	
      615	          120 	
      616	           93 	
      617	          114 	
      618	          115 	
      619	           91 	
      620	          117 	
      621	          135 	
      622	          121 	
      623	          115 	
      624	          117 	
      625	          119 	
      626	          101 	
      627	          116 	
      628	          117 	
      629	          108 	
      630	          126 	
      631	          106 	
      632	          107 	
      633	          113 	
      634	          114 	
      635	          121 	
      636	          134 	
      637	          114 	
      638	           93 	
      639	          128 	
      640	          145 	
      641	          122 	
      642	          101 	
      643	          108 	
      644	          114 	
      645	          129 	
      646	          114 	
      647	          119 	
      648	          132 	
      649	          119 	
      650	          129 	
      651	          110 	
      652	          109 	
      653	          124 	
      654	          131 	
      655	          115 	
      656	          112 	
      657	          115 	
      658	          124 	
      659	          116 	
      660	          118 	
      661	          115 	
      662	          109 	
      663	          126 	
      664	          115 	
      665	          113 	
      666	          118 	
      667	          108 	
      668	          107 	
      669	          101 	
      670	          120 	
      671	          124 	
      672	          142 	
      673	          121 	
      674	          122 	
      675	          109 	
      676	          111 	
      677	          108 	
      678	          121 	
      679	          113 	
      680	          109 	
      681	          123 	
      682	          119 	
      683	          111 	
      684	          109 	
      685	          131 	
      686	          106 	
      687	          111 	
      688	          105 	
      689	          132 	
      690	          114 	
      691	          121 	
      692	          122 	
      693	          130 	
      694	          137 	
      695	          102 	
      696	          112 	
      697	          111 	
      698	          134 	
      699	          135 	
      700	          135 	
      701	          134 	
      702	          102 	
      703	          113 	
      704	          117 	
      705	          118 	
      706	          109 	
      707	          126 	
      708	          126 	
      709	          112 	
      710	          113 	
      711	          124 	
      712	          128 	
      713	          105 	
      714	          115 	
      715	          114 	
      716	          103 	
      717	          122 	
      718	          131 	
      719	          123 	
      720	          125 	
      721	          104 	
      722	          123 	
      723	          122 	
      724	          121 	
      725	          100 	
      726	          104 	
      727	          119 	
      728	           94 	
      729	          124 	
      730	          111 	
      731	          102 	
      732	          113 	
      733	          103 	
      734	          107 	
      735	          114 	
      736	          123 	
      737	          122 	
      738	          101 	
      739	          130 	
      740	          115 	
      741	          120 	
      742	          104 	
      743	          119 	
      744	          122 	
      745	          122 	
      746	          111 	
      747	          108 	
      748	          119 	
      749	          108 	
      750	          142 	
      751	          101 	
      752	          114 	
      753	          130 	
      754	          126 	
      755	          105 	
      756	          105 	
      757	          104 	
      758	          108 	
      759	          117 	
      760	          111 	
      761	          112 	
      762	          107 	
      763	          117 	
      764	          107 	
      765	          112 	
      766	           95 	
      767	          128 	
      768	          114 	
      769	          106 	
      770	          114 	
      771	          101 	
      772	          111 	
      773	          117 	
      774	          132 	
      775	          108 	
      776	          113 	
      777	          118 	
      778	          109 	
      779	          124 	
      780	          135 	
      781	          108 	
      782	          134 	
      783	          114 	
      784	          120 	
      785	          135 	
      786	          113 	
      787	          124 	
      788	           94 	
      789	          130 	
      790	          128 	
      791	          102 	
      792	           98 	
      793	          143 	
      794	          124 	
      795	          109 	
      796	          112 	
      797	          124 	
      798	          108 	
      799	          119 	
      800	          114 	
      801	          105 	
      802	          125 	
      803	          107 	
      804	          107 	
      805	          102 	
      806	          129 	
      807	           96 	
      808	          101 	
      809	          133 	
      810	          130 	
      811	          113 	
      812	          106 	
      813	          125 	
      814	          108 	
      815	          109 	
      816	          107 	
      817	          123 	
      818	          137 	
      819	          129 	
      820	          117 	
      821	          111 	
      822	          111 	
      823	          136 	
      824	          107 	
      825	          128 	
      826	          100 	
      827	          116 	
      828	          108 	
      829	          124 	
      830	          136 	
      831	          117 	
      832	          111 	
      833	          121 	
      834	          117 	
      835	          121 	
      836	          125 	
      837	          123 	
      838	           99 	
      839	          115 	
      840	          106 	
      841	          126 	
      842	          107 	
      843	          117 	
      844	          106 	
      845	          114 	
      846	          116 	
      847	          123 	
      848	          139 	
      849	          126 	
      850	          115 	
      851	          130 	
      852	          104 	
      853	          128 	
      854	          133 	
      855	          118 	
      856	           93 	
      857	          118 	
      858	          107 	
      859	          111 	
      860	          116 	
      861	          115 	
      862	          128 	
      863	          114 	
      864	          115 	
      865	          118 	
      866	          133 	
      867	          103 	
      868	          109 	
      869	          121 	
      870	           99 	
      871	          113 	
      872	          107 	
      873	          111 	
      874	          115 	
      875	          103 	
      876	          109 	
      877	          101 	
      878	          120 	
      879	          117 	
      880	          109 	
      881	          123 	
      882	          119 	
      883	          113 	
      884	          135 	
      885	           86 	
      886	          112 	
      887	          124 	
      888	          112 	
      889	          122 	
      890	          104 	
      891	          120 	
      892	          123 	
      893	          115 	
      894	          104 	
      895	          107 	
      896	           91 	
      897	          129 	
      898	          127 	
      899	          114 	
      900	          117 	
      901	          105 	
      902	          100 	
      903	          124 	
      904	          135 	
      905	          103 	
      906	          100 	
      907	          128 	
      908	          121 	
      909	          136 	
      910	          141 	
      911	          114 	
      912	          118 	
      913	          126 	
      914	          131 	
      915	          136 	
      916	          112 	
      917	          104 	
      918	          106 	
      919	          125 	
      920	          103 	
      921	          117 	
      922	          113 	
      923	          119 	
      924	          128 	
      925	          124 	
      926	          102 	
      927	          119 	
      928	           99 	
      929	          117 	
      930	          121 	
      931	          116 	
      932	          130 	
      933	          128 	
      934	          119 	
      935	          111 	
      936	          109 	
      937	          137 	
      938	          115 	
      939	          113 	
      940	          113 	
      941	          119 	
      942	          135 	
      943	          117 	
      944	          134 	
      945	          112 	
      946	          115 	
      947	          106 	
      948	          137 	
      949	          119 	
      950	          124 	
      951	          111 	
      952	          114 	
      953	          118 	
      954	           93 	
      955	          116 	
      956	          121 	
      957	          126 	
      958	          119 	
      959	          131 	
      960	          106 	
      961	           98 	
      962	          117 	
      963	          121 	
      964	          116 	
      965	          132 	
      966	          123 	
      967	          113 	
      968	          107 	
      969	          122 	
      970	          121 	
      971	          132 	
      972	          133 	
      973	          126 	
      974	          112 	
      975	          113 	
      976	          114 	
      977	          112 	
      978	          123 	
      979	          103 	
      980	          110 	
      981	          124 	
      982	          118 	
      983	          123 	
      984	          117 	
      985	          110 	
      986	          117 	
      987	          114 	
      988	          116 	
      989	          107 	
      990	          120 	
      991	          126 	
      992	          122 	
      993	          110 	
      994	          136 	
      995	          118 	
      996	          110 	
      997	          115 	
      998	          127 	
      999	          128 	
     1000	          120 	
