Thorlabs Single Photon Counter Data Export

Date (YYYY-MM-DD):	2025-08-15
Time (HH:MM:SS):	15:07:32
Device Name:	SPCM50A
Serial Number:	M00296614
GUI Revision:	1.0 Build 23
Driver Revision:	1.1.0
Firmware Revision:	1.0.0

Application settings:
Operating Mode:	Free Running Timed Counter
Bin Length [ms]:	1
Time between Bins [ms]:	0.001
Pulse Blind Time [ns]:	0
Trigger Edge:	non-applicable
Array Measurement:	Yes
Array Measurement Continuously:	No
Bins per Array:	2000
Active APD Gating:	No
Fan Off:	No

Bin Number 	Counts per Bin 	Remarks
        1	          578 	
        2	          570 	
        3	          578 	
        4	          512 	
        5	          594 	
        6	          563 	
        7	          554 	
        8	          509 	
        9	          526 	
       10	          527 	
       11	          535 	
       12	          555 	
       13	          544 	
       14	          519 	
       15	          539 	
       16	          534 	
       17	          539 	
       18	          557 	
       19	          542 	
       20	          549 	
       21	          519 	
       22	          539 	
       23	          537 	
       24	          518 	
       25	          566 	
       26	          563 	
       27	          545 	
       28	          534 	
       29	          556 	
       30	          539 	
       31	          550 	
       32	          524 	
       33	          548 	
       34	          547 	
       35	          578 	
       36	          563 	
       37	          558 	
       38	          532 	
       39	          552 	
       40	          553 	
       41	          533 	
       42	          567 	
       43	          533 	
       44	          579 	
       45	          524 	
       46	          567 	
       47	          577 	
       48	          558 	
       49	          574 	
       50	          551 	
       51	          564 	
       52	          539 	
       53	          542 	
       54	          527 	
       55	          549 	
       56	          554 	
       57	          572 	
       58	          563 	
       59	          547 	
       60	          567 	
       61	          561 	
       62	          521 	
       63	          532 	
       64	          566 	
       65	          533 	
       66	          561 	
       67	          558 	
       68	          556 	
       69	          553 	
       70	          529 	
       71	          585 	
       72	          547 	
       73	          488 	
       74	          517 	
       75	          552 	
       76	          555 	
       77	          544 	
       78	          530 	
       79	          580 	
       80	          552 	
       81	          573 	
       82	          553 	
       83	          555 	
       84	          559 	
       85	          555 	
       86	          558 	
       87	          559 	
       88	          516 	
       89	          552 	
       90	          599 	
       91	          544 	
       92	          552 	
       93	          548 	
       94	          566 	
       95	          567 	
       96	          556 	
       97	          558 	
       98	          549 	
       99	          578 	
      100	          540 	
      101	          571 	
      102	          569 	
      103	          532 	
      104	          573 	
      105	          569 	
      106	          549 	
      107	          515 	
      108	          579 	
      109	          550 	
      110	          535 	
      111	          601 	
      112	          569 	
      113	          535 	
      114	          566 	
      115	          555 	
      116	          551 	
      117	          529 	
      118	          556 	
      119	          567 	
      120	          529 	
      121	          542 	
      122	          577 	
      123	          547 	
      124	          544 	
      125	          552 	
      126	          558 	
      127	          582 	
      128	          597 	
      129	          518 	
      130	          558 	
      131	          570 	
      132	          555 	
      133	          544 	
      134	          580 	
      135	          587 	
      136	          560 	
      137	          582 	
      138	          559 	
      139	          545 	
      140	          516 	
      141	          543 	
      142	          592 	
      143	          553 	
      144	          523 	
      145	          536 	
      146	          536 	
      147	          540 	
      148	          545 	
      149	          539 	
      150	          532 	
      151	          527 	
      152	          572 	
      153	          558 	
      154	          548 	
      155	          550 	
      156	          584 	
      157	          505 	
      158	          514 	
      159	          586 	
      160	          539 	
      161	          578 	
      162	          556 	
      163	          538 	
      164	          548 	
      165	          514 	
      166	          517 	
      167	          528 	
      168	          562 	
      169	          549 	
      170	          547 	
      171	          563 	
      172	          550 	
      173	          568 	
      174	          562 	
      175	          598 	
      176	          586 	
      177	          522 	
      178	          537 	
      179	          589 	
      180	          552 	
      181	          568 	
      182	          560 	
      183	          578 	
      184	          537 	
      185	          559 	
      186	          558 	
      187	          540 	
      188	          513 	
      189	          590 	
      190	          577 	
      191	          531 	
      192	          536 	
      193	          557 	
      194	          517 	
      195	          530 	
      196	          530 	
      197	          552 	
      198	          553 	
      199	          505 	
      200	          571 	
      201	          517 	
      202	          576 	
      203	          544 	
      204	          540 	
      205	          569 	
      206	          542 	
      207	          550 	
      208	          566 	
      209	          553 	
      210	          564 	
      211	          554 	
      212	          566 	
      213	          514 	
      214	          557 	
      215	          523 	
      216	          514 	
      217	          535 	
      218	          524 	
      219	          551 	
      220	          547 	
      221	          534 	
      222	          528 	
      223	          539 	
      224	          514 	
      225	          562 	
      226	          521 	
      227	          557 	
      228	          605 	
      229	          596 	
      230	          562 	
      231	          529 	
      232	          558 	
      233	          541 	
      234	          561 	
      235	          538 	
      236	          563 	
      237	          542 	
      238	          517 	
      239	          552 	
      240	          585 	
      241	          551 	
      242	          551 	
      243	          560 	
      244	          576 	
      245	          575 	
      246	          545 	
      247	          550 	
      248	          543 	
      249	          547 	
      250	          529 	
      251	          523 	
      252	          523 	
      253	          552 	
      254	          575 	
      255	          537 	
      256	          537 	
      257	          548 	
      258	          521 	
      259	          601 	
      260	          545 	
      261	          553 	
      262	          528 	
      263	          543 	
      264	          579 	
      265	          579 	
      266	          571 	
      267	          540 	
      268	          537 	
      269	          549 	
      270	          583 	
      271	          558 	
      272	          576 	
      273	          563 	
      274	          529 	
      275	          533 	
      276	          513 	
      277	          560 	
      278	          584 	
      279	          524 	
      280	          532 	
      281	          521 	
      282	          552 	
      283	          530 	
      284	          540 	
      285	          571 	
      286	          530 	
      287	          542 	
      288	          560 	
      289	          543 	
      290	          562 	
      291	          532 	
      292	          533 	
      293	          533 	
      294	          538 	
      295	          546 	
      296	          549 	
      297	          564 	
      298	          584 	
      299	          518 	
      300	          515 	
      301	          555 	
      302	          511 	
      303	          597 	
      304	          533 	
      305	          535 	
      306	          540 	
      307	          580 	
      308	          559 	
      309	          525 	
      310	          551 	
      311	          551 	
      312	          547 	
      313	          576 	
      314	          581 	
      315	          524 	
      316	          532 	
      317	          531 	
      318	          582 	
      319	          525 	
      320	          588 	
      321	          536 	
      322	          505 	
      323	          551 	
      324	          509 	
      325	          550 	
      326	          557 	
      327	          543 	
      328	          519 	
      329	          540 	
      330	          560 	
      331	          537 	
      332	          559 	
      333	          539 	
      334	          582 	
      335	          546 	
      336	          583 	
      337	          551 	
      338	          529 	
      339	          564 	
      340	          539 	
      341	          606 	
      342	          550 	
      343	          521 	
      344	          579 	
      345	          580 	
      346	          564 	
      347	          571 	
      348	          555 	
      349	          528 	
      350	          553 	
      351	          547 	
      352	          535 	
      353	          561 	
      354	          532 	
      355	          558 	
      356	          546 	
      357	          541 	
      358	          551 	
      359	          524 	
      360	          630 	
      361	          574 	
      362	          535 	
      363	          570 	
      364	          562 	
      365	          540 	
      366	          546 	
      367	          571 	
      368	          566 	
      369	          494 	
      370	          544 	
      371	          574 	
      372	          596 	
      373	          561 	
      374	          526 	
      375	          509 	
      376	          538 	
      377	          526 	
      378	          573 	
      379	          547 	
      380	          535 	
      381	          566 	
      382	          571 	
      383	          575 	
      384	          531 	
      385	          540 	
      386	          572 	
      387	          537 	
      388	          509 	
      389	          543 	
      390	          541 	
      391	          550 	
      392	          518 	
      393	          555 	
      394	          573 	
      395	          583 	
      396	          572 	
      397	          549 	
      398	          569 	
      399	          530 	
      400	          543 	
      401	          524 	
      402	          599 	
      403	          580 	
      404	          557 	
      405	          532 	
      406	          520 	
      407	          543 	
      408	          559 	
      409	          565 	
      410	          600 	
      411	          562 	
      412	          597 	
      413	          595 	
      414	          565 	
      415	          545 	
      416	          544 	
      417	          517 	
      418	          576 	
      419	          574 	
      420	          557 	
      421	          581 	
      422	          548 	
      423	          555 	
      424	          568 	
      425	          503 	
      426	          512 	
      427	          536 	
      428	          619 	
      429	          530 	
      430	          575 	
      431	          537 	
      432	          538 	
      433	          574 	
      434	          565 	
      435	          572 	
      436	          570 	
      437	          543 	
      438	          520 	
      439	          553 	
      440	          574 	
      441	          527 	
      442	          526 	
      443	          512 	
      444	          529 	
      445	          554 	
      446	          534 	
      447	          541 	
      448	          539 	
      449	          570 	
      450	          545 	
      451	          590 	
      452	          556 	
      453	          559 	
      454	          535 	
      455	          546 	
      456	          570 	
      457	          524 	
      458	          572 	
      459	          508 	
      460	          558 	
      461	          505 	
      462	          589 	
      463	          515 	
      464	          553 	
      465	          522 	
      466	          603 	
      467	          572 	
      468	          540 	
      469	          560 	
      470	          554 	
      471	          561 	
      472	          558 	
      473	          576 	
      474	          586 	
      475	          539 	
      476	          546 	
      477	          537 	
      478	          519 	
      479	          535 	
      480	          552 	
      481	          526 	
      482	          564 	
      483	          546 	
      484	          575 	
      485	          552 	
      486	          552 	
      487	          511 	
      488	          512 	
      489	          558 	
      490	          552 	
      491	          525 	
      492	          559 	
      493	          592 	
      494	          531 	
      495	          571 	
      496	          520 	
      497	          567 	
      498	          589 	
      499	          590 	
      500	          569 	
      501	          556 	
      502	          536 	
      503	          558 	
      504	          562 	
      505	          559 	
      506	          555 	
      507	          531 	
      508	          535 	
      509	          552 	
      510	          519 	
      511	          573 	
      512	          531 	
      513	          565 	
      514	          561 	
      515	          564 	
      516	          509 	
      517	          544 	
      518	          589 	
      519	          556 	
      520	          572 	
      521	          561 	
      522	          534 	
      523	          572 	
      524	          578 	
      525	          534 	
      526	          530 	
      527	          575 	
      528	          532 	
      529	          565 	
      530	          560 	
      531	          580 	
      532	          570 	
      533	          541 	
      534	          547 	
      535	          517 	
      536	          571 	
      537	          531 	
      538	          592 	
      539	          556 	
      540	          558 	
      541	          539 	
      542	          568 	
      543	          539 	
      544	          542 	
      545	          553 	
      546	          559 	
      547	          570 	
      548	          540 	
      549	          481 	
      550	          567 	
      551	          522 	
      552	          529 	
      553	          535 	
      554	          547 	
      555	          575 	
      556	          560 	
      557	          554 	
      558	          502 	
      559	          539 	
      560	          547 	
      561	          568 	
      562	          581 	
      563	          540 	
      564	          545 	
      565	          581 	
      566	          559 	
      567	          570 	
      568	          589 	
      569	          540 	
      570	          557 	
      571	          592 	
      572	          522 	
      573	          525 	
      574	          596 	
      575	          557 	
      576	          507 	
      577	          555 	
      578	          535 	
      579	          502 	
      580	          567 	
      581	          558 	
      582	          562 	
      583	          529 	
      584	          523 	
      585	          552 	
      586	          553 	
      587	          566 	
      588	          572 	
      589	          578 	
      590	          553 	
      591	          528 	
      592	          529 	
      593	          565 	
      594	          562 	
      595	          563 	
      596	          564 	
      597	          569 	
      598	          523 	
      599	          565 	
      600	          538 	
      601	          542 	
      602	          517 	
      603	          544 	
      604	          516 	
      605	          519 	
      606	          542 	
      607	          543 	
      608	          539 	
      609	          541 	
      610	          529 	
      611	          545 	
      612	          555 	
      613	          544 	
      614	          533 	
      615	          549 	
      616	          565 	
      617	          572 	
      618	          570 	
      619	          518 	
      620	          565 	
      621	          581 	
      622	          544 	
      623	          538 	
      624	          559 	
      625	          571 	
      626	          515 	
      627	          543 	
      628	          523 	
      629	          560 	
      630	          549 	
      631	          530 	
      632	          549 	
      633	          553 	
      634	          536 	
      635	          546 	
      636	          597 	
      637	          595 	
      638	          552 	
      639	          561 	
      640	          545 	
      641	          531 	
      642	          570 	
      643	          559 	
      644	          540 	
      645	          579 	
      646	          553 	
      647	          515 	
      648	          550 	
      649	          528 	
      650	          548 	
      651	          540 	
      652	          541 	
      653	          559 	
      654	          566 	
      655	          577 	
      656	          555 	
      657	          529 	
      658	          559 	
      659	          541 	
      660	          524 	
      661	          527 	
      662	          563 	
      663	          556 	
      664	          582 	
      665	          558 	
      666	          519 	
      667	          561 	
      668	          544 	
      669	          554 	
      670	          520 	
      671	          554 	
      672	          587 	
      673	          525 	
      674	          550 	
      675	          575 	
      676	          560 	
      677	          526 	
      678	          553 	
      679	          591 	
      680	          578 	
      681	          527 	
      682	          548 	
      683	          571 	
      684	          607 	
      685	          584 	
      686	          573 	
      687	          562 	
      688	          554 	
      689	          547 	
      690	          551 	
      691	          564 	
      692	          567 	
      693	          554 	
      694	          539 	
      695	          503 	
      696	          563 	
      697	          562 	
      698	          555 	
      699	          505 	
      700	          603 	
      701	          612 	
      702	          564 	
      703	          580 	
      704	          514 	
      705	          501 	
      706	          533 	
      707	          515 	
      708	          528 	
      709	          528 	
      710	          536 	
      711	          564 	
      712	          524 	
      713	          543 	
      714	          570 	
      715	          576 	
      716	          539 	
      717	          547 	
      718	          547 	
      719	          582 	
      720	          573 	
      721	          583 	
      722	          544 	
      723	          514 	
      724	          567 	
      725	          570 	
      726	          487 	
      727	          522 	
      728	          574 	
      729	          551 	
      730	          527 	
      731	          505 	
      732	          550 	
      733	          570 	
      734	          547 	
      735	          544 	
      736	          525 	
      737	          536 	
      738	          584 	
      739	          541 	
      740	          577 	
      741	          547 	
      742	          541 	
      743	          557 	
      744	          567 	
      745	          562 	
      746	          533 	
      747	          592 	
      748	          556 	
      749	          547 	
      750	          505 	
      751	          566 	
      752	          576 	
      753	          557 	
      754	          586 	
      755	          562 	
      756	          538 	
      757	          527 	
      758	          564 	
      759	          569 	
      760	          544 	
      761	          525 	
      762	          539 	
      763	          531 	
      764	          538 	
      765	          562 	
      766	          555 	
      767	          535 	
      768	          521 	
      769	          539 	
      770	          526 	
      771	          575 	
      772	          547 	
      773	          509 	
      774	          559 	
      775	          521 	
      776	          553 	
      777	          534 	
      778	          543 	
      779	          540 	
      780	          593 	
      781	          568 	
      782	          569 	
      783	          548 	
      784	          552 	
      785	          546 	
      786	          530 	
      787	          539 	
      788	          579 	
      789	          566 	
      790	          559 	
      791	          502 	
      792	          562 	
      793	          525 	
      794	          524 	
      795	          562 	
      796	          568 	
      797	          557 	
      798	          572 	
      799	          515 	
      800	          522 	
      801	          549 	
      802	          547 	
      803	          567 	
      804	          604 	
      805	          594 	
      806	          572 	
      807	          547 	
      808	          544 	
      809	          549 	
      810	          570 	
      811	          578 	
      812	          559 	
      813	          594 	
      814	          566 	
      815	          531 	
      816	          499 	
      817	          548 	
      818	          538 	
      819	          542 	
      820	          578 	
      821	          508 	
      822	          551 	
      823	          586 	
      824	          557 	
      825	          563 	
      826	          567 	
      827	          540 	
      828	          555 	
      829	          553 	
      830	          557 	
      831	          570 	
      832	          543 	
      833	          511 	
      834	          559 	
      835	          597 	
      836	          545 	
      837	          512 	
      838	          521 	
      839	          578 	
      840	          522 	
      841	          511 	
      842	          545 	
      843	          544 	
      844	          523 	
      845	          558 	
      846	          582 	
      847	          527 	
      848	          506 	
      849	          532 	
      850	          565 	
      851	          587 	
      852	          564 	
      853	          526 	
      854	          537 	
      855	          513 	
      856	          570 	
      857	          549 	
      858	          541 	
      859	          534 	
      860	          555 	
      861	          553 	
      862	          584 	
      863	          543 	
      864	          544 	
      865	          537 	
      866	          556 	
      867	          534 	
      868	          569 	
      869	          540 	
      870	          521 	
      871	          601 	
      872	          557 	
      873	          562 	
      874	          583 	
      875	          576 	
      876	          524 	
      877	          543 	
      878	          555 	
      879	          538 	
      880	          491 	
      881	          529 	
      882	          525 	
      883	          576 	
      884	          569 	
      885	          513 	
      886	          559 	
      887	          544 	
      888	          519 	
      889	          554 	
      890	          567 	
      891	          548 	
      892	          563 	
      893	          569 	
      894	          548 	
      895	          606 	
      896	          541 	
      897	          564 	
      898	          590 	
      899	          528 	
      900	          543 	
      901	          523 	
      902	          546 	
      903	          586 	
      904	          562 	
      905	          510 	
      906	          511 	
      907	          558 	
      908	          524 	
      909	          530 	
      910	          528 	
      911	          562 	
      912	          528 	
      913	          555 	
      914	          518 	
      915	          563 	
      916	          556 	
      917	          517 	
      918	          588 	
      919	          529 	
      920	          561 	
      921	          557 	
      922	          562 	
      923	          548 	
      924	          565 	
      925	          514 	
      926	          550 	
      927	          541 	
      928	          553 	
      929	          581 	
      930	          566 	
      931	          573 	
      932	          550 	
      933	          540 	
      934	          565 	
      935	          560 	
      936	          554 	
      937	          557 	
      938	          546 	
      939	          544 	
      940	          582 	
      941	          533 	
      942	          528 	
      943	          570 	
      944	          546 	
      945	          593 	
      946	          523 	
      947	          555 	
      948	          554 	
      949	          542 	
      950	          538 	
      951	          526 	
      952	          575 	
      953	          543 	
      954	          550 	
      955	          532 	
      956	          548 	
      957	          558 	
      958	          529 	
      959	          475 	
      960	          533 	
      961	          527 	
      962	          528 	
      963	          517 	
      964	          550 	
      965	          556 	
      966	          549 	
      967	          560 	
      968	          537 	
      969	          556 	
      970	          556 	
      971	          558 	
      972	          539 	
      973	          533 	
      974	          569 	
      975	          567 	
      976	          547 	
      977	          529 	
      978	          540 	
      979	          531 	
      980	          568 	
      981	          566 	
      982	          564 	
      983	          520 	
      984	          560 	
      985	          566 	
      986	          558 	
      987	          510 	
      988	          568 	
      989	          545 	
      990	          524 	
      991	          563 	
      992	          527 	
      993	          572 	
      994	          544 	
      995	          558 	
      996	          553 	
      997	          497 	
      998	          514 	
      999	          591 	
     1000	          570 	
     1001	          536 	
     1002	          549 	
     1003	          530 	
     1004	          577 	
     1005	          589 	
     1006	          521 	
     1007	          538 	
     1008	          545 	
     1009	          564 	
     1010	          561 	
     1011	          556 	
     1012	          579 	
     1013	          559 	
     1014	          570 	
     1015	          571 	
     1016	          504 	
     1017	          532 	
     1018	          581 	
     1019	          531 	
     1020	          555 	
     1021	          546 	
     1022	          562 	
     1023	          615 	
     1024	          556 	
     1025	          530 	
     1026	          520 	
     1027	          507 	
     1028	          574 	
     1029	          590 	
     1030	          578 	
     1031	          552 	
     1032	          550 	
     1033	          534 	
     1034	          530 	
     1035	          545 	
     1036	          537 	
     1037	          551 	
     1038	          564 	
     1039	          501 	
     1040	          562 	
     1041	          545 	
     1042	          552 	
     1043	          547 	
     1044	          559 	
     1045	          523 	
     1046	          542 	
     1047	          546 	
     1048	          535 	
     1049	          528 	
     1050	          554 	
     1051	          551 	
     1052	          593 	
     1053	          543 	
     1054	          533 	
     1055	          546 	
     1056	          550 	
     1057	          540 	
     1058	          543 	
     1059	          548 	
     1060	          566 	
     1061	          568 	
     1062	          573 	
     1063	          561 	
     1064	          547 	
     1065	          546 	
     1066	          547 	
     1067	          526 	
     1068	          600 	
     1069	          573 	
     1070	          561 	
     1071	          554 	
     1072	          570 	
     1073	          549 	
     1074	          523 	
     1075	          526 	
     1076	          586 	
     1077	          548 	
     1078	          577 	
     1079	          558 	
     1080	          556 	
     1081	          555 	
     1082	          573 	
     1083	          534 	
     1084	          561 	
     1085	          582 	
     1086	          572 	
     1087	          573 	
     1088	          533 	
     1089	          539 	
     1090	          535 	
     1091	          530 	
     1092	          520 	
     1093	          557 	
     1094	          535 	
     1095	          530 	
     1096	          565 	
     1097	          568 	
     1098	          509 	
     1099	          589 	
     1100	          576 	
     1101	          560 	
     1102	          555 	
     1103	          545 	
     1104	          504 	
     1105	          510 	
     1106	          535 	
     1107	          525 	
     1108	          543 	
     1109	          525 	
     1110	          526 	
     1111	          546 	
     1112	          520 	
     1113	          558 	
     1114	          567 	
     1115	          494 	
     1116	          556 	
     1117	          550 	
     1118	          544 	
     1119	          553 	
     1120	          512 	
     1121	          605 	
     1122	          534 	
     1123	          545 	
     1124	          580 	
     1125	          558 	
     1126	          520 	
     1127	          524 	
     1128	          553 	
     1129	          541 	
     1130	          562 	
     1131	          534 	
     1132	          576 	
     1133	          564 	
     1134	          567 	
     1135	          627 	
     1136	          545 	
     1137	          510 	
     1138	          538 	
     1139	          527 	
     1140	          569 	
     1141	          548 	
     1142	          538 	
     1143	          568 	
     1144	          607 	
     1145	          544 	
     1146	          612 	
     1147	          566 	
     1148	          553 	
     1149	          588 	
     1150	          514 	
     1151	          529 	
     1152	          562 	
     1153	          567 	
     1154	          544 	
     1155	          528 	
     1156	          547 	
     1157	          542 	
     1158	          504 	
     1159	          566 	
     1160	          547 	
     1161	          533 	
     1162	          551 	
     1163	          547 	
     1164	          516 	
     1165	          555 	
     1166	          571 	
     1167	          541 	
     1168	          576 	
     1169	          563 	
     1170	          528 	
     1171	          529 	
     1172	          554 	
     1173	          548 	
     1174	          545 	
     1175	          564 	
     1176	          529 	
     1177	          574 	
     1178	          560 	
     1179	          567 	
     1180	          540 	
     1181	          543 	
     1182	          553 	
     1183	          533 	
     1184	          500 	
     1185	          562 	
     1186	          571 	
     1187	          580 	
     1188	          536 	
     1189	          545 	
     1190	          561 	
     1191	          560 	
     1192	          534 	
     1193	          545 	
     1194	          589 	
     1195	          515 	
     1196	          573 	
     1197	          525 	
     1198	          544 	
     1199	          564 	
     1200	          581 	
     1201	          566 	
     1202	          562 	
     1203	          547 	
     1204	          487 	
     1205	          537 	
     1206	          542 	
     1207	          565 	
     1208	          544 	
     1209	          570 	
     1210	          508 	
     1211	          532 	
     1212	          524 	
     1213	          583 	
     1214	          597 	
     1215	          542 	
     1216	          551 	
     1217	          561 	
     1218	          550 	
     1219	          538 	
     1220	          547 	
     1221	          560 	
     1222	          553 	
     1223	          556 	
     1224	          515 	
     1225	          556 	
     1226	          584 	
     1227	          537 	
     1228	          586 	
     1229	          554 	
     1230	          518 	
     1231	          520 	
     1232	          558 	
     1233	          528 	
     1234	          543 	
     1235	          559 	
     1236	          573 	
     1237	          526 	
     1238	          552 	
     1239	          532 	
     1240	          551 	
     1241	          551 	
     1242	          531 	
     1243	          523 	
     1244	          531 	
     1245	          543 	
     1246	          538 	
     1247	          545 	
     1248	          523 	
     1249	          572 	
     1250	          548 	
     1251	          574 	
     1252	          558 	
     1253	          584 	
     1254	          547 	
     1255	          516 	
     1256	          531 	
     1257	          560 	
     1258	          531 	
     1259	          590 	
     1260	          561 	
     1261	          559 	
     1262	          565 	
     1263	          533 	
     1264	          560 	
     1265	          529 	
     1266	          582 	
     1267	          509 	
     1268	          503 	
     1269	          528 	
     1270	          545 	
     1271	          555 	
     1272	          506 	
     1273	          548 	
     1274	          509 	
     1275	          549 	
     1276	          529 	
     1277	          485 	
     1278	          548 	
     1279	          528 	
     1280	          573 	
     1281	          550 	
     1282	          574 	
     1283	          579 	
     1284	          549 	
     1285	          521 	
     1286	          549 	
     1287	          552 	
     1288	          505 	
     1289	          502 	
     1290	          571 	
     1291	          504 	
     1292	          552 	
     1293	          518 	
     1294	          525 	
     1295	          534 	
     1296	          547 	
     1297	          523 	
     1298	          533 	
     1299	          550 	
     1300	          533 	
     1301	          585 	
     1302	          553 	
     1303	          568 	
     1304	          505 	
     1305	          529 	
     1306	          503 	
     1307	          543 	
     1308	          532 	
     1309	          530 	
     1310	          552 	
     1311	          515 	
     1312	          556 	
     1313	          554 	
     1314	          540 	
     1315	          548 	
     1316	          511 	
     1317	          593 	
     1318	          532 	
     1319	          509 	
     1320	          500 	
     1321	          576 	
     1322	          561 	
     1323	          555 	
     1324	          570 	
     1325	          540 	
     1326	          573 	
     1327	          531 	
     1328	          566 	
     1329	          555 	
     1330	          568 	
     1331	          563 	
     1332	          559 	
     1333	          546 	
     1334	          528 	
     1335	          541 	
     1336	          572 	
     1337	          534 	
     1338	          570 	
     1339	          555 	
     1340	          544 	
     1341	          526 	
     1342	          516 	
     1343	          557 	
     1344	          523 	
     1345	          536 	
     1346	          565 	
     1347	          544 	
     1348	          533 	
     1349	          575 	
     1350	          556 	
     1351	          521 	
     1352	          520 	
     1353	          545 	
     1354	          533 	
     1355	          554 	
     1356	          552 	
     1357	          583 	
     1358	          555 	
     1359	          545 	
     1360	          559 	
     1361	          553 	
     1362	          572 	
     1363	          542 	
     1364	          551 	
     1365	          558 	
     1366	          557 	
     1367	          556 	
     1368	          519 	
     1369	          507 	
     1370	          557 	
     1371	          509 	
     1372	          540 	
     1373	          561 	
     1374	          560 	
     1375	          543 	
     1376	          570 	
     1377	          570 	
     1378	          533 	
     1379	          489 	
     1380	          590 	
     1381	          568 	
     1382	          544 	
     1383	          516 	
     1384	          542 	
     1385	          541 	
     1386	          514 	
     1387	          577 	
     1388	          533 	
     1389	          514 	
     1390	          562 	
     1391	          574 	
     1392	          552 	
     1393	          501 	
     1394	          584 	
     1395	          527 	
     1396	          528 	
     1397	          536 	
     1398	          574 	
     1399	          528 	
     1400	          553 	
     1401	          495 	
     1402	          576 	
     1403	          564 	
     1404	          539 	
     1405	          540 	
     1406	          540 	
     1407	          540 	
     1408	          585 	
     1409	          560 	
     1410	          545 	
     1411	          514 	
     1412	          539 	
     1413	          554 	
     1414	          594 	
     1415	          562 	
     1416	          568 	
     1417	          522 	
     1418	          516 	
     1419	          511 	
     1420	          508 	
     1421	          565 	
     1422	          561 	
     1423	          558 	
     1424	          546 	
     1425	          550 	
     1426	          562 	
     1427	          578 	
     1428	          536 	
     1429	          532 	
     1430	          519 	
     1431	          586 	
     1432	          519 	
     1433	          534 	
     1434	          561 	
     1435	          525 	
     1436	          538 	
     1437	          547 	
     1438	          552 	
     1439	          573 	
     1440	          558 	
     1441	          588 	
     1442	          544 	
     1443	          568 	
     1444	          528 	
     1445	          542 	
     1446	          537 	
     1447	          543 	
     1448	          552 	
     1449	          545 	
     1450	          540 	
     1451	          554 	
     1452	          554 	
     1453	          559 	
     1454	          588 	
     1455	          537 	
     1456	          536 	
     1457	          536 	
     1458	          567 	
     1459	          508 	
     1460	          585 	
     1461	          542 	
     1462	          503 	
     1463	          525 	
     1464	          506 	
     1465	          568 	
     1466	          514 	
     1467	          547 	
     1468	          553 	
     1469	          593 	
     1470	          581 	
     1471	          530 	
     1472	          540 	
     1473	          581 	
     1474	          585 	
     1475	          534 	
     1476	          519 	
     1477	          558 	
     1478	          598 	
     1479	          510 	
     1480	          577 	
     1481	          569 	
     1482	          569 	
     1483	          558 	
     1484	          566 	
     1485	          528 	
     1486	          542 	
     1487	          567 	
     1488	          567 	
     1489	          529 	
     1490	          529 	
     1491	          529 	
     1492	          518 	
     1493	          571 	
     1494	          562 	
     1495	          572 	
     1496	          475 	
     1497	          527 	
     1498	          570 	
     1499	          549 	
     1500	          563 	
     1501	          570 	
     1502	          551 	
     1503	          564 	
     1504	          558 	
     1505	          588 	
     1506	          536 	
     1507	          533 	
     1508	          522 	
     1509	          543 	
     1510	          536 	
     1511	          557 	
     1512	          587 	
     1513	          512 	
     1514	          539 	
     1515	          554 	
     1516	          607 	
     1517	          517 	
     1518	          505 	
     1519	          536 	
     1520	          511 	
     1521	          574 	
     1522	          602 	
     1523	          571 	
     1524	          605 	
     1525	          541 	
     1526	          509 	
     1527	          544 	
     1528	          578 	
     1529	          551 	
     1530	          542 	
     1531	          582 	
     1532	          520 	
     1533	          548 	
     1534	          572 	
     1535	          567 	
     1536	          505 	
     1537	          552 	
     1538	          531 	
     1539	          523 	
     1540	          561 	
     1541	          549 	
     1542	          578 	
     1543	          553 	
     1544	          510 	
     1545	          530 	
     1546	          590 	
     1547	          583 	
     1548	          580 	
     1549	          575 	
     1550	          540 	
     1551	          515 	
     1552	          546 	
     1553	          539 	
     1554	          509 	
     1555	          597 	
     1556	          527 	
     1557	          519 	
     1558	          523 	
     1559	          562 	
     1560	          570 	
     1561	          523 	
     1562	          564 	
     1563	          557 	
     1564	          575 	
     1565	          536 	
     1566	          577 	
     1567	          512 	
     1568	          520 	
     1569	          552 	
     1570	          487 	
     1571	          559 	
     1572	          568 	
     1573	          564 	
     1574	          521 	
     1575	          582 	
     1576	          553 	
     1577	          514 	
     1578	          580 	
     1579	          518 	
     1580	          535 	
     1581	          564 	
     1582	          546 	
     1583	          517 	
     1584	          585 	
     1585	          571 	
     1586	          541 	
     1587	          552 	
     1588	          584 	
     1589	          509 	
     1590	          508 	
     1591	          516 	
     1592	          539 	
     1593	          535 	
     1594	          555 	
     1595	          543 	
     1596	          570 	
     1597	          597 	
     1598	          557 	
     1599	          555 	
     1600	          535 	
     1601	          538 	
     1602	          519 	
     1603	          552 	
     1604	          561 	
     1605	          528 	
     1606	          579 	
     1607	          562 	
     1608	          513 	
     1609	          534 	
     1610	          557 	
     1611	          508 	
     1612	          564 	
     1613	          537 	
     1614	          529 	
     1615	          540 	
     1616	          594 	
     1617	          604 	
     1618	          550 	
     1619	          554 	
     1620	          507 	
     1621	          576 	
     1622	          587 	
     1623	          539 	
     1624	          555 	
     1625	          578 	
     1626	          572 	
     1627	          541 	
     1628	          526 	
     1629	          552 	
     1630	          571 	
     1631	          533 	
     1632	          546 	
     1633	          548 	
     1634	          529 	
     1635	          520 	
     1636	          540 	
     1637	          570 	
     1638	          549 	
     1639	          533 	
     1640	          576 	
     1641	          520 	
     1642	          556 	
     1643	          547 	
     1644	          547 	
     1645	          516 	
     1646	          506 	
     1647	          522 	
     1648	          544 	
     1649	          548 	
     1650	          569 	
     1651	          557 	
     1652	          554 	
     1653	          505 	
     1654	          517 	
     1655	          551 	
     1656	          483 	
     1657	          564 	
     1658	          528 	
     1659	          512 	
     1660	          539 	
     1661	          523 	
     1662	          568 	
     1663	          565 	
     1664	          523 	
     1665	          570 	
     1666	          533 	
     1667	          583 	
     1668	          515 	
     1669	          552 	
     1670	          538 	
     1671	          548 	
     1672	          565 	
     1673	          567 	
     1674	          527 	
     1675	          574 	
     1676	          587 	
     1677	          519 	
     1678	          532 	
     1679	          549 	
     1680	          557 	
     1681	          529 	
     1682	          549 	
     1683	          526 	
     1684	          577 	
     1685	          532 	
     1686	          537 	
     1687	          558 	
     1688	          600 	
     1689	          564 	
     1690	          539 	
     1691	          510 	
     1692	          554 	
     1693	          543 	
     1694	          529 	
     1695	          487 	
     1696	          534 	
     1697	          567 	
     1698	          578 	
     1699	          512 	
     1700	          584 	
     1701	          528 	
     1702	          508 	
     1703	          542 	
     1704	          531 	
     1705	          558 	
     1706	          499 	
     1707	          523 	
     1708	          523 	
     1709	          550 	
     1710	          546 	
     1711	          528 	
     1712	          539 	
     1713	          560 	
     1714	          523 	
     1715	          528 	
     1716	          568 	
     1717	          535 	
     1718	          549 	
     1719	          546 	
     1720	          563 	
     1721	          555 	
     1722	          555 	
     1723	          579 	
     1724	          567 	
     1725	          556 	
     1726	          540 	
     1727	          509 	
     1728	          563 	
     1729	          560 	
     1730	          578 	
     1731	          529 	
     1732	          527 	
     1733	          590 	
     1734	          525 	
     1735	          576 	
     1736	          553 	
     1737	          538 	
     1738	          529 	
     1739	          568 	
     1740	          503 	
     1741	          565 	
     1742	          534 	
     1743	          539 	
     1744	          531 	
     1745	          574 	
     1746	          540 	
     1747	          553 	
     1748	          505 	
     1749	          525 	
     1750	          553 	
     1751	          579 	
     1752	          576 	
     1753	          541 	
     1754	          548 	
     1755	          588 	
     1756	          496 	
     1757	          576 	
     1758	          577 	
     1759	          553 	
     1760	          599 	
     1761	          520 	
     1762	          597 	
     1763	          581 	
     1764	          567 	
     1765	          561 	
     1766	          540 	
     1767	          557 	
     1768	          521 	
     1769	          557 	
     1770	          578 	
     1771	          525 	
     1772	          570 	
     1773	          529 	
     1774	          511 	
     1775	          571 	
     1776	          550 	
     1777	          514 	
     1778	          545 	
     1779	          524 	
     1780	          587 	
     1781	          562 	
     1782	          506 	
     1783	          556 	
     1784	          524 	
     1785	          490 	
     1786	          528 	
     1787	          566 	
     1788	          547 	
     1789	          579 	
     1790	          553 	
     1791	          525 	
     1792	          538 	
     1793	          548 	
     1794	          515 	
     1795	          559 	
     1796	          560 	
     1797	          546 	
     1798	          554 	
     1799	          582 	
     1800	          583 	
     1801	          506 	
     1802	          554 	
     1803	          539 	
     1804	          586 	
     1805	          518 	
     1806	          533 	
     1807	          507 	
     1808	          542 	
     1809	          536 	
     1810	          571 	
     1811	          559 	
     1812	          519 	
     1813	          527 	
     1814	          486 	
     1815	          531 	
     1816	          538 	
     1817	          541 	
     1818	          527 	
     1819	          508 	
     1820	          502 	
     1821	          538 	
     1822	          552 	
     1823	          560 	
     1824	          555 	
     1825	          532 	
     1826	          550 	
     1827	          539 	
     1828	          530 	
     1829	          519 	
     1830	          552 	
     1831	          541 	
     1832	          524 	
     1833	          576 	
     1834	          540 	
     1835	          546 	
     1836	          559 	
     1837	          567 	
     1838	          556 	
     1839	          511 	
     1840	          499 	
     1841	          540 	
     1842	          551 	
     1843	          513 	
     1844	          558 	
     1845	          536 	
     1846	          543 	
     1847	          542 	
     1848	          537 	
     1849	          538 	
     1850	          559 	
     1851	          528 	
     1852	          533 	
     1853	          528 	
     1854	          568 	
     1855	          540 	
     1856	          541 	
     1857	          508 	
     1858	          509 	
     1859	          538 	
     1860	          545 	
     1861	          551 	
     1862	          545 	
     1863	          533 	
     1864	          553 	
     1865	          540 	
     1866	          569 	
     1867	          531 	
     1868	          549 	
     1869	          551 	
     1870	          527 	
     1871	          555 	
     1872	          509 	
     1873	          547 	
     1874	          553 	
     1875	          506 	
     1876	          554 	
     1877	          543 	
     1878	          550 	
     1879	          515 	
     1880	          545 	
     1881	          540 	
     1882	          571 	
     1883	          509 	
     1884	          561 	
     1885	          520 	
     1886	          572 	
     1887	          556 	
     1888	          569 	
     1889	          554 	
     1890	          547 	
     1891	          550 	
     1892	          551 	
     1893	          535 	
     1894	          510 	
     1895	          546 	
     1896	          581 	
     1897	          547 	
     1898	          551 	
     1899	          552 	
     1900	          525 	
     1901	          561 	
     1902	          561 	
     1903	          516 	
     1904	          554 	
     1905	          519 	
     1906	          537 	
     1907	          554 	
     1908	          517 	
     1909	          550 	
     1910	          531 	
     1911	          568 	
     1912	          551 	
     1913	          548 	
     1914	          539 	
     1915	          574 	
     1916	          532 	
     1917	          541 	
     1918	          557 	
     1919	          559 	
     1920	          506 	
     1921	          553 	
     1922	          545 	
     1923	          509 	
     1924	          520 	
     1925	          527 	
     1926	          546 	
     1927	          520 	
     1928	          538 	
     1929	          569 	
     1930	          511 	
     1931	          542 	
     1932	          531 	
     1933	          499 	
     1934	          551 	
     1935	          531 	
     1936	          553 	
     1937	          490 	
     1938	          508 	
     1939	          556 	
     1940	          573 	
     1941	          538 	
     1942	          572 	
     1943	          566 	
     1944	          541 	
     1945	          545 	
     1946	          585 	
     1947	          555 	
     1948	          539 	
     1949	          559 	
     1950	          538 	
     1951	          565 	
     1952	          534 	
     1953	          506 	
     1954	          557 	
     1955	          522 	
     1956	          523 	
     1957	          562 	
     1958	          514 	
     1959	          531 	
     1960	          542 	
     1961	          525 	
     1962	          528 	
     1963	          501 	
     1964	          562 	
     1965	          568 	
     1966	          557 	
     1967	          575 	
     1968	          571 	
     1969	          588 	
     1970	          563 	
     1971	          534 	
     1972	          526 	
     1973	          576 	
     1974	          511 	
     1975	          522 	
     1976	          518 	
     1977	          530 	
     1978	          536 	
     1979	          545 	
     1980	          556 	
     1981	          584 	
     1982	          552 	
     1983	          562 	
     1984	          519 	
     1985	          530 	
     1986	          558 	
     1987	          563 	
     1988	          530 	
     1989	          543 	
     1990	          543 	
     1991	          555 	
     1992	          554 	
     1993	          547 	
     1994	          591 	
     1995	          538 	
     1996	          566 	
     1997	          548 	
     1998	          534 	
     1999	          551 	
     2000	          586 	
