Thorlabs Single Photon Counter Data Export

Date (YYYY-MM-DD):	2024-06-27
Time (HH:MM:SS):	22:30:07
Device Name:	SPCM50A
Serial Number:	M00296614
GUI Revision:	1.0 Build 23
Driver Revision:	1.1.0
Firmware Revision:	1.0.0

Application settings:
Operating Mode:	Free Running Timed Counter
Bin Length [ms]:	100
Time between Bins [ms]:	0.001
Pulse Blind Time [ns]:	0
Trigger Edge:	non-applicable
Array Measurement:	Yes
Array Measurement Continuously:	No
Bins per Array:	800
Active APD Gating:	No
Fan Off:	No

Bin Number 	Counts per Bin 	Remarks
        1	          476 	
        2	          465 	
        3	          462 	
        4	          492 	
        5	          509 	
        6	          478 	
        7	          484 	
        8	          507 	
        9	          470 	
       10	          480 	
       11	          491 	
       12	          496 	
       13	          491 	
       14	          494 	
       15	          496 	
       16	          510 	
       17	          474 	
       18	          479 	
       19	          515 	
       20	          504 	
       21	          491 	
       22	          494 	
       23	          513 	
       24	          484 	
       25	          511 	
       26	          514 	
       27	          509 	
       28	          533 	
       29	          552 	
       30	          458 	
       31	          514 	
       32	          516 	
       33	          493 	
       34	          527 	
       35	          518 	
       36	          500 	
       37	          559 	
       38	          513 	
       39	          516 	
       40	          567 	
       41	          519 	
       42	          509 	
       43	          547 	
       44	          495 	
       45	          530 	
       46	          483 	
       47	          510 	
       48	          521 	
       49	          528 	
       50	          515 	
       51	          532 	
       52	          516 	
       53	          530 	
       54	          517 	
       55	          542 	
       56	          522 	
       57	          536 	
       58	          502 	
       59	          506 	
       60	          503 	
       61	          514 	
       62	          486 	
       63	          468 	
       64	          524 	
       65	          525 	
       66	          520 	
       67	          476 	
       68	          544 	
       69	          525 	
       70	          502 	
       71	          502 	
       72	          539 	
       73	          498 	
       74	          542 	
       75	          525 	
       76	          515 	
       77	          539 	
       78	          519 	
       79	          518 	
       80	          494 	
       81	          515 	
       82	          500 	
       83	          506 	
       84	          553 	
       85	          518 	
       86	          510 	
       87	          486 	
       88	          483 	
       89	          516 	
       90	          481 	
       91	          525 	
       92	          535 	
       93	          514 	
       94	          509 	
       95	          509 	
       96	          433 	
       97	          484 	
       98	          464 	
       99	          482 	
      100	          464 	
      101	          494 	
      102	          478 	
      103	          489 	
      104	          488 	
      105	          472 	
      106	          509 	
      107	          492 	
      108	          465 	
      109	          503 	
      110	          524 	
      111	          502 	
      112	          474 	
      113	          489 	
      114	          466 	
      115	          461 	
      116	          468 	
      117	          473 	
      118	          494 	
      119	          462 	
      120	          518 	
      121	          481 	
      122	          482 	
      123	          503 	
      124	          499 	
      125	          501 	
      126	          498 	
      127	          505 	
      128	          504 	
      129	          479 	
      130	          512 	
      131	          495 	
      132	          474 	
      133	          500 	
      134	          453 	
      135	          468 	
      136	          491 	
      137	          479 	
      138	          505 	
      139	          537 	
      140	          541 	
      141	          504 	
      142	          540 	
      143	          519 	
      144	          519 	
      145	          523 	
      146	          536 	
      147	          500 	
      148	          524 	
      149	          506 	
      150	          519 	
      151	          580 	
      152	          521 	
      153	          532 	
      154	          568 	
      155	          547 	
      156	          490 	
      157	          496 	
      158	          555 	
      159	          535 	
      160	          498 	
      161	          490 	
      162	          530 	
      163	          530 	
      164	          576 	
      165	          561 	
      166	          529 	
      167	          541 	
      168	          518 	
      169	          523 	
      170	          498 	
      171	          536 	
      172	          497 	
      173	          556 	
      174	          525 	
      175	          536 	
      176	          535 	
      177	          504 	
      178	          527 	
      179	          587 	
      180	          463 	
      181	          514 	
      182	          497 	
      183	          532 	
      184	          567 	
      185	          521 	
      186	          544 	
      187	          485 	
      188	          530 	
      189	          508 	
      190	          497 	
      191	          539 	
      192	          512 	
      193	          507 	
      194	          500 	
      195	          500 	
      196	          492 	
      197	          519 	
      198	          474 	
      199	          524 	
      200	          487 	
      201	          488 	
      202	          518 	
      203	          508 	
      204	          513 	
      205	          497 	
      206	          473 	
      207	          485 	
      208	          518 	
      209	          435 	
      210	          510 	
      211	          515 	
      212	          531 	
      213	          488 	
      214	          521 	
      215	          495 	
      216	          488 	
      217	          450 	
      218	          517 	
      219	          497 	
      220	          493 	
      221	          482 	
      222	          481 	
      223	          449 	
      224	          472 	
      225	          486 	
      226	          507 	
      227	          471 	
      228	          472 	
      229	          507 	
      230	          447 	
      231	          500 	
      232	          466 	
      233	          485 	
      234	          452 	
      235	          442 	
      236	          484 	
      237	          477 	
      238	          486 	
      239	          427 	
      240	          479 	
      241	          487 	
      242	          468 	
      243	          522 	
      244	          494 	
      245	          481 	
      246	          518 	
      247	          476 	
      248	          456 	
      249	          484 	
      250	          519 	
      251	          495 	
      252	          523 	
      253	          482 	
      254	          515 	
      255	          493 	
      256	          462 	
      257	          509 	
      258	          519 	
      259	          503 	
      260	          523 	
      261	          529 	
      262	          544 	
      263	          495 	
      264	          476 	
      265	          536 	
      266	          486 	
      267	          474 	
      268	          498 	
      269	          527 	
      270	          501 	
      271	          531 	
      272	          518 	
      273	          508 	
      274	          489 	
      275	          544 	
      276	          505 	
      277	          518 	
      278	          530 	
      279	          518 	
      280	          497 	
      281	          515 	
      282	          470 	
      283	          500 	
      284	          527 	
      285	          510 	
      286	          506 	
      287	          545 	
      288	          545 	
      289	          565 	
      290	          546 	
      291	          517 	
      292	          503 	
      293	          538 	
      294	          594 	
      295	          520 	
      296	          523 	
      297	          513 	
      298	          502 	
      299	          542 	
      300	          554 	
      301	          501 	
      302	          509 	
      303	          492 	
      304	          521 	
      305	          592 	
      306	          524 	
      307	          513 	
      308	          526 	
      309	          474 	
      310	          507 	
      311	          528 	
      312	          468 	
      313	          506 	
      314	          508 	
      315	          510 	
      316	          535 	
      317	          513 	
      318	          478 	
      319	          501 	
      320	          491 	
      321	          505 	
      322	          522 	
      323	          494 	
      324	          487 	
      325	          485 	
      326	          498 	
      327	          501 	
      328	          468 	
      329	          463 	
      330	          441 	
      331	          442 	
      332	          486 	
      333	          469 	
      334	          495 	
      335	          496 	
      336	          537 	
      337	          530 	
      338	          467 	
      339	          484 	
      340	          509 	
      341	          477 	
      342	          444 	
      343	          498 	
      344	          481 	
      345	          441 	
      346	          510 	
      347	          447 	
      348	          502 	
      349	          482 	
      350	          465 	
      351	          539 	
      352	          476 	
      353	          500 	
      354	          482 	
      355	          493 	
      356	          506 	
      357	          471 	
      358	          470 	
      359	          474 	
      360	          472 	
      361	          490 	
      362	          536 	
      363	          513 	
      364	          519 	
      365	          524 	
      366	          514 	
      367	          475 	
      368	          479 	
      369	          509 	
      370	          482 	
      371	          479 	
      372	          500 	
      373	          484 	
      374	          489 	
      375	          531 	
      376	          514 	
      377	          491 	
      378	          503 	
      379	          542 	
      380	          523 	
      381	          515 	
      382	          485 	
      383	          533 	
      384	          582 	
      385	          520 	
      386	          535 	
      387	          489 	
      388	          493 	
      389	          515 	
      390	          529 	
      391	          501 	
      392	          521 	
      393	          490 	
      394	          494 	
      395	          465 	
      396	          514 	
      397	          496 	
      398	          523 	
      399	          514 	
      400	          509 	
      401	          525 	
      402	          525 	
      403	          498 	
      404	          530 	
      405	          511 	
      406	          504 	
      407	          533 	
      408	          531 	
      409	          503 	
      410	          527 	
      411	          546 	
      412	          523 	
      413	          539 	
      414	          506 	
      415	          546 	
      416	          491 	
      417	          570 	
      418	          508 	
      419	          510 	
      420	          531 	
      421	          528 	
      422	          545 	
      423	          526 	
      424	          486 	
      425	          501 	
      426	          522 	
      427	          488 	
      428	          517 	
      429	          509 	
      430	          520 	
      431	          488 	
      432	          535 	
      433	          498 	
      434	          515 	
      435	          529 	
      436	          514 	
      437	          513 	
      438	          519 	
      439	          489 	
      440	          497 	
      441	          483 	
      442	          493 	
      443	          553 	
      444	          527 	
      445	          500 	
      446	          487 	
      447	          524 	
      448	          495 	
      449	          507 	
      450	          493 	
      451	          528 	
      452	          516 	
      453	          509 	
      454	          467 	
      455	          494 	
      456	          509 	
      457	          494 	
      458	          465 	
      459	          457 	
      460	          488 	
      461	          496 	
      462	          450 	
      463	          491 	
      464	          494 	
      465	          489 	
      466	          529 	
      467	          473 	
      468	          486 	
      469	          469 	
      470	          514 	
      471	          500 	
      472	          476 	
      473	          461 	
      474	          530 	
      475	          497 	
      476	          468 	
      477	          474 	
      478	          482 	
      479	          488 	
      480	          458 	
      481	          496 	
      482	          490 	
      483	          497 	
      484	          478 	
      485	          467 	
      486	          474 	
      487	          442 	
      488	          470 	
      489	          438 	
      490	          495 	
      491	          474 	
      492	          539 	
      493	          501 	
      494	          506 	
      495	          493 	
      496	          479 	
      497	          467 	
      498	          547 	
      499	          522 	
      500	          473 	
      501	          495 	
      502	          492 	
      503	          499 	
      504	          483 	
      505	          507 	
      506	          510 	
      507	          482 	
      508	          501 	
      509	          509 	
      510	          455 	
      511	          501 	
      512	          480 	
      513	          523 	
      514	          507 	
      515	          519 	
      516	          492 	
      517	          494 	
      518	          520 	
      519	          532 	
      520	          522 	
      521	          513 	
      522	          478 	
      523	          518 	
      524	          520 	
      525	          535 	
      526	          518 	
      527	          541 	
      528	          543 	
      529	          523 	
      530	          539 	
      531	          491 	
      532	          514 	
      533	          554 	
      534	          504 	
      535	          534 	
      536	          565 	
      537	          575 	
      538	          530 	
      539	          527 	
      540	          520 	
      541	          508 	
      542	          481 	
      543	          523 	
      544	          497 	
      545	          504 	
      546	          511 	
      547	          559 	
      548	          483 	
      549	          520 	
      550	          521 	
      551	          531 	
      552	          488 	
      553	          488 	
      554	          492 	
      555	          489 	
      556	          515 	
      557	          491 	
      558	          545 	
      559	          537 	
      560	          537 	
      561	          499 	
      562	          464 	
      563	          505 	
      564	          522 	
      565	          505 	
      566	          507 	
      567	          536 	
      568	          467 	
      569	          503 	
      570	          492 	
      571	          490 	
      572	          506 	
      573	          520 	
      574	          488 	
      575	          474 	
      576	          497 	
      577	          479 	
      578	          515 	
      579	          489 	
      580	          502 	
      581	          506 	
      582	          485 	
      583	          523 	
      584	          518 	
      585	          479 	
      586	          514 	
      587	          503 	
      588	          476 	
      589	          473 	
      590	          469 	
      591	          478 	
      592	          502 	
      593	          495 	
      594	          494 	
      595	          506 	
      596	          498 	
      597	          505 	
      598	          517 	
      599	          548 	
      600	          472 	
      601	          512 	
      602	          483 	
      603	          503 	
      604	          520 	
      605	          456 	
      606	          460 	
      607	          496 	
      608	          489 	
      609	          507 	
      610	          506 	
      611	          501 	
      612	          496 	
      613	          458 	
      614	          487 	
      615	          493 	
      616	          527 	
      617	          515 	
      618	          478 	
      619	          468 	
      620	          497 	
      621	          506 	
      622	          513 	
      623	          528 	
      624	          502 	
      625	          481 	
      626	          527 	
      627	          519 	
      628	          523 	
      629	          490 	
      630	          503 	
      631	          496 	
      632	          514 	
      633	          511 	
      634	          540 	
      635	          526 	
      636	          493 	
      637	          560 	
      638	          535 	
      639	          489 	
      640	          494 	
      641	          516 	
      642	          532 	
      643	          499 	
      644	          530 	
      645	          540 	
      646	          517 	
      647	          509 	
      648	          532 	
      649	          551 	
      650	          494 	
      651	          520 	
      652	          535 	
      653	          509 	
      654	          522 	
      655	          539 	
      656	          518 	
      657	          518 	
      658	          548 	
      659	          480 	
      660	          549 	
      661	          525 	
      662	          520 	
      663	          543 	
      664	          536 	
      665	          548 	
      666	          571 	
      667	          539 	
      668	          491 	
      669	          518 	
      670	          503 	
      671	          501 	
      672	          525 	
      673	          512 	
      674	          504 	
      675	          487 	
      676	          535 	
      677	          545 	
      678	          523 	
      679	          510 	
      680	          510 	
      681	          487 	
      682	          525 	
      683	          519 	
      684	          558 	
      685	          493 	
      686	          550 	
      687	          486 	
      688	          485 	
      689	          500 	
      690	          479 	
      691	          521 	
      692	          491 	
      693	          508 	
      694	          535 	
      695	          492 	
      696	          510 	
      697	          511 	
      698	          525 	
      699	          487 	
      700	          476 	
      701	          506 	
      702	          526 	
      703	          537 	
      704	          447 	
      705	          522 	
      706	          456 	
      707	          499 	
      708	          502 	
      709	          465 	
      710	          489 	
      711	          489 	
      712	          515 	
      713	          500 	
      714	          495 	
      715	          489 	
      716	          469 	
      717	          454 	
      718	          465 	
      719	          476 	
      720	          535 	
      721	          500 	
      722	          493 	
      723	          544 	
      724	          491 	
      725	          472 	
      726	          526 	
      727	          524 	
      728	          492 	
      729	          488 	
      730	          524 	
      731	          490 	
      732	          496 	
      733	          472 	
      734	          452 	
      735	          481 	
      736	          486 	
      737	          500 	
      738	          520 	
      739	          486 	
      740	          501 	
      741	          515 	
      742	          493 	
      743	          483 	
      744	          489 	
      745	          536 	
      746	          506 	
      747	          524 	
      748	          499 	
      749	          524 	
      750	          491 	
      751	          454 	
      752	          465 	
      753	          474 	
      754	          504 	
      755	          476 	
      756	          479 	
      757	          509 	
      758	          502 	
      759	          472 	
      760	          506 	
      761	          499 	
      762	          502 	
      763	          519 	
      764	          501 	
      765	          487 	
      766	          505 	
      767	          521 	
      768	          509 	
      769	          489 	
      770	          464 	
      771	          522 	
      772	          535 	
      773	          529 	
      774	          507 	
      775	          522 	
      776	          515 	
      777	          511 	
      778	          500 	
      779	          523 	
      780	          516 	
      781	          547 	
      782	          500 	
      783	          521 	
      784	          534 	
      785	          486 	
      786	          534 	
      787	          514 	
      788	          532 	
      789	          487 	
      790	          506 	
      791	          560 	
      792	          533 	
      793	          516 	
      794	          507 	
      795	          546 	
      796	          529 	
      797	          542 	
      798	          542 	
      799	          534 	
      800	          520 	
