Thorlabs Single Photon Counter Data Export

Date (YYYY-MM-DD):	2025-09-12
Time (HH:MM:SS):	23:10:03
Device Name:	SPCM50A
Serial Number:	M00296614
GUI Revision:	1.0 Build 23
Driver Revision:	1.1.0
Firmware Revision:	1.0.0

Application settings:
Operating Mode:	Free Running Timed Counter
Bin Length [ms]:	1
Time between Bins [ms]:	0.001
Pulse Blind Time [ns]:	0
Trigger Edge:	non-applicable
Array Measurement:	Yes
Array Measurement Continuously:	No
Bins per Array:	2000
Active APD Gating:	No
Fan Off:	No

Bin Number 	Counts per Bin 	Remarks
        1	           41 	
        2	           57 	
        3	           44 	
        4	           47 	
        5	           42 	
        6	           48 	
        7	           58 	
        8	           52 	
        9	           62 	
       10	           41 	
       11	           43 	
       12	           55 	
       13	           50 	
       14	           57 	
       15	           52 	
       16	           58 	
       17	           54 	
       18	           51 	
       19	           49 	
       20	           35 	
       21	           44 	
       22	           40 	
       23	           45 	
       24	           43 	
       25	           51 	
       26	           49 	
       27	           48 	
       28	           53 	
       29	           52 	
       30	           34 	
       31	           49 	
       32	           57 	
       33	           38 	
       34	           55 	
       35	           49 	
       36	           51 	
       37	           54 	
       38	           43 	
       39	           46 	
       40	           52 	
       41	           54 	
       42	           47 	
       43	           47 	
       44	           56 	
       45	           40 	
       46	           50 	
       47	           47 	
       48	           52 	
       49	           48 	
       50	           47 	
       51	           56 	
       52	           44 	
       53	           50 	
       54	           55 	
       55	           52 	
       56	           49 	
       57	           46 	
       58	           46 	
       59	           53 	
       60	           65 	
       61	           40 	
       62	           49 	
       63	           51 	
       64	           55 	
       65	           42 	
       66	           49 	
       67	           41 	
       68	           37 	
       69	           36 	
       70	           36 	
       71	           46 	
       72	           52 	
       73	           53 	
       74	           45 	
       75	           43 	
       76	           59 	
       77	           47 	
       78	           60 	
       79	           43 	
       80	           52 	
       81	           40 	
       82	           47 	
       83	           43 	
       84	           53 	
       85	           46 	
       86	           54 	
       87	           47 	
       88	           57 	
       89	           42 	
       90	           45 	
       91	           47 	
       92	           43 	
       93	           48 	
       94	           48 	
       95	           43 	
       96	           46 	
       97	           41 	
       98	           54 	
       99	           37 	
      100	           38 	
      101	           32 	
      102	           57 	
      103	           45 	
      104	           40 	
      105	           53 	
      106	           51 	
      107	           52 	
      108	           50 	
      109	           51 	
      110	           53 	
      111	           52 	
      112	           41 	
      113	           57 	
      114	           68 	
      115	           59 	
      116	           38 	
      117	           46 	
      118	           45 	
      119	           64 	
      120	           59 	
      121	           52 	
      122	           50 	
      123	           51 	
      124	           47 	
      125	           47 	
      126	           52 	
      127	           42 	
      128	           43 	
      129	           45 	
      130	           46 	
      131	           56 	
      132	           42 	
      133	           56 	
      134	           43 	
      135	           47 	
      136	           57 	
      137	           49 	
      138	           52 	
      139	           47 	
      140	           46 	
      141	           40 	
      142	           52 	
      143	           53 	
      144	           44 	
      145	           44 	
      146	           50 	
      147	           35 	
      148	           36 	
      149	           51 	
      150	           36 	
      151	           45 	
      152	           44 	
      153	           52 	
      154	           51 	
      155	           64 	
      156	           49 	
      157	           57 	
      158	           59 	
      159	           51 	
      160	           56 	
      161	           60 	
      162	           56 	
      163	           56 	
      164	           53 	
      165	           51 	
      166	           50 	
      167	           49 	
      168	           51 	
      169	           44 	
      170	           45 	
      171	           54 	
      172	           51 	
      173	           46 	
      174	           45 	
      175	           45 	
      176	           58 	
      177	           53 	
      178	           46 	
      179	           37 	
      180	           55 	
      181	           43 	
      182	           47 	
      183	           56 	
      184	           43 	
      185	           38 	
      186	           35 	
      187	           64 	
      188	           55 	
      189	           56 	
      190	           51 	
      191	           51 	
      192	           44 	
      193	           51 	
      194	           53 	
      195	           50 	
      196	           50 	
      197	           49 	
      198	           52 	
      199	           53 	
      200	           49 	
      201	           38 	
      202	           50 	
      203	           50 	
      204	           42 	
      205	           59 	
      206	           55 	
      207	           47 	
      208	           52 	
      209	           34 	
      210	           44 	
      211	           45 	
      212	           46 	
      213	           40 	
      214	           47 	
      215	           57 	
      216	           45 	
      217	           58 	
      218	           27 	
      219	           36 	
      220	           52 	
      221	           44 	
      222	           44 	
      223	           61 	
      224	           43 	
      225	           58 	
      226	           41 	
      227	           53 	
      228	           34 	
      229	           54 	
      230	           53 	
      231	           44 	
      232	           49 	
      233	           37 	
      234	           44 	
      235	           46 	
      236	           60 	
      237	           48 	
      238	           50 	
      239	           52 	
      240	           60 	
      241	           46 	
      242	           55 	
      243	           52 	
      244	           57 	
      245	           42 	
      246	           42 	
      247	           45 	
      248	           57 	
      249	           46 	
      250	           53 	
      251	           37 	
      252	           48 	
      253	           40 	
      254	           51 	
      255	           34 	
      256	           59 	
      257	           37 	
      258	           61 	
      259	           49 	
      260	           33 	
      261	           53 	
      262	           66 	
      263	           55 	
      264	           33 	
      265	           61 	
      266	           47 	
      267	           48 	
      268	           45 	
      269	           38 	
      270	           47 	
      271	           48 	
      272	           51 	
      273	           57 	
      274	           43 	
      275	           52 	
      276	           56 	
      277	           48 	
      278	           56 	
      279	           46 	
      280	           58 	
      281	           49 	
      282	           50 	
      283	           55 	
      284	           51 	
      285	           48 	
      286	           56 	
      287	           48 	
      288	           49 	
      289	           45 	
      290	           47 	
      291	           43 	
      292	           45 	
      293	           42 	
      294	           44 	
      295	           40 	
      296	           45 	
      297	           41 	
      298	           49 	
      299	           39 	
      300	           44 	
      301	           44 	
      302	           52 	
      303	           51 	
      304	           36 	
      305	           43 	
      306	           48 	
      307	           55 	
      308	           58 	
      309	           45 	
      310	           48 	
      311	           49 	
      312	           56 	
      313	           45 	
      314	           44 	
      315	           60 	
      316	           46 	
      317	           47 	
      318	           37 	
      319	           53 	
      320	           49 	
      321	           40 	
      322	           45 	
      323	           47 	
      324	           41 	
      325	           43 	
      326	           55 	
      327	           50 	
      328	           53 	
      329	           46 	
      330	           61 	
      331	           45 	
      332	           39 	
      333	           42 	
      334	           67 	
      335	           47 	
      336	           52 	
      337	           38 	
      338	           53 	
      339	           54 	
      340	           40 	
      341	           48 	
      342	           49 	
      343	           54 	
      344	           67 	
      345	           47 	
      346	           40 	
      347	           55 	
      348	           51 	
      349	           51 	
      350	           52 	
      351	           55 	
      352	           48 	
      353	           46 	
      354	           40 	
      355	           58 	
      356	           49 	
      357	           41 	
      358	           40 	
      359	           51 	
      360	           50 	
      361	           28 	
      362	           47 	
      363	           47 	
      364	           49 	
      365	           44 	
      366	           48 	
      367	           38 	
      368	           51 	
      369	           51 	
      370	           58 	
      371	           45 	
      372	           45 	
      373	           49 	
      374	           59 	
      375	           49 	
      376	           52 	
      377	           43 	
      378	           59 	
      379	           56 	
      380	           37 	
      381	           50 	
      382	           45 	
      383	           51 	
      384	           55 	
      385	           53 	
      386	           59 	
      387	           41 	
      388	           51 	
      389	           34 	
      390	           61 	
      391	           50 	
      392	           47 	
      393	           48 	
      394	           53 	
      395	           58 	
      396	           40 	
      397	           52 	
      398	           44 	
      399	           51 	
      400	           49 	
      401	           45 	
      402	           47 	
      403	           37 	
      404	           56 	
      405	           50 	
      406	           52 	
      407	           46 	
      408	           48 	
      409	           49 	
      410	           46 	
      411	           55 	
      412	           46 	
      413	           34 	
      414	           53 	
      415	           47 	
      416	           54 	
      417	           45 	
      418	           38 	
      419	           56 	
      420	           52 	
      421	           38 	
      422	           44 	
      423	           47 	
      424	           52 	
      425	           43 	
      426	           49 	
      427	           42 	
      428	           45 	
      429	           45 	
      430	           50 	
      431	           45 	
      432	           51 	
      433	           48 	
      434	           57 	
      435	           45 	
      436	           51 	
      437	           49 	
      438	           60 	
      439	           45 	
      440	           51 	
      441	           54 	
      442	           48 	
      443	           42 	
      444	           49 	
      445	           50 	
      446	           58 	
      447	           46 	
      448	           49 	
      449	           43 	
      450	           49 	
      451	           47 	
      452	           60 	
      453	           59 	
      454	           51 	
      455	           46 	
      456	           67 	
      457	           46 	
      458	           52 	
      459	           66 	
      460	           45 	
      461	           41 	
      462	           57 	
      463	           44 	
      464	           50 	
      465	           46 	
      466	           52 	
      467	           60 	
      468	           55 	
      469	           54 	
      470	           39 	
      471	           44 	
      472	           50 	
      473	           47 	
      474	           48 	
      475	           46 	
      476	           53 	
      477	           51 	
      478	           47 	
      479	           50 	
      480	           43 	
      481	           44 	
      482	           46 	
      483	           50 	
      484	           45 	
      485	           45 	
      486	           48 	
      487	           51 	
      488	           49 	
      489	           54 	
      490	           51 	
      491	           50 	
      492	           45 	
      493	           45 	
      494	           66 	
      495	           60 	
      496	           47 	
      497	           46 	
      498	           57 	
      499	           54 	
      500	           52 	
      501	           55 	
      502	           47 	
      503	           53 	
      504	           54 	
      505	           38 	
      506	           45 	
      507	           36 	
      508	           57 	
      509	           47 	
      510	           52 	
      511	           48 	
      512	           62 	
      513	           60 	
      514	           49 	
      515	           52 	
      516	           33 	
      517	           45 	
      518	           48 	
      519	           54 	
      520	           50 	
      521	           49 	
      522	           50 	
      523	           37 	
      524	           49 	
      525	           48 	
      526	           48 	
      527	           51 	
      528	           50 	
      529	           59 	
      530	           46 	
      531	           54 	
      532	           58 	
      533	           39 	
      534	           49 	
      535	           53 	
      536	           43 	
      537	           46 	
      538	           45 	
      539	           47 	
      540	           47 	
      541	           48 	
      542	           53 	
      543	           43 	
      544	           39 	
      545	           40 	
      546	           46 	
      547	           60 	
      548	           41 	
      549	           47 	
      550	           54 	
      551	           45 	
      552	           43 	
      553	           45 	
      554	           51 	
      555	           40 	
      556	           54 	
      557	           38 	
      558	           59 	
      559	           50 	
      560	           63 	
      561	           52 	
      562	           46 	
      563	           51 	
      564	           60 	
      565	           37 	
      566	           34 	
      567	           40 	
      568	           51 	
      569	           41 	
      570	           42 	
      571	           46 	
      572	           42 	
      573	           47 	
      574	           56 	
      575	           54 	
      576	           50 	
      577	           45 	
      578	           47 	
      579	           43 	
      580	           45 	
      581	           53 	
      582	           44 	
      583	           48 	
      584	           42 	
      585	           45 	
      586	           53 	
      587	           52 	
      588	           47 	
      589	           53 	
      590	           58 	
      591	           42 	
      592	           49 	
      593	           45 	
      594	           43 	
      595	           53 	
      596	           49 	
      597	           52 	
      598	           52 	
      599	           43 	
      600	           54 	
      601	           40 	
      602	           42 	
      603	           50 	
      604	           38 	
      605	           44 	
      606	           41 	
      607	           45 	
      608	           42 	
      609	           59 	
      610	           46 	
      611	           62 	
      612	           44 	
      613	           48 	
      614	           55 	
      615	           41 	
      616	           51 	
      617	           48 	
      618	           50 	
      619	           36 	
      620	           59 	
      621	           48 	
      622	           50 	
      623	           48 	
      624	           32 	
      625	           38 	
      626	           50 	
      627	           41 	
      628	           48 	
      629	           50 	
      630	           47 	
      631	           51 	
      632	           60 	
      633	           57 	
      634	           56 	
      635	           49 	
      636	           43 	
      637	           62 	
      638	           47 	
      639	           58 	
      640	           46 	
      641	           40 	
      642	           43 	
      643	           52 	
      644	           42 	
      645	           36 	
      646	           53 	
      647	           56 	
      648	           45 	
      649	           45 	
      650	           46 	
      651	           60 	
      652	           36 	
      653	           48 	
      654	           50 	
      655	           52 	
      656	           53 	
      657	           42 	
      658	           41 	
      659	           57 	
      660	           45 	
      661	           58 	
      662	           46 	
      663	           44 	
      664	           50 	
      665	           42 	
      666	           51 	
      667	           42 	
      668	           43 	
      669	           56 	
      670	           54 	
      671	           32 	
      672	           40 	
      673	           40 	
      674	           43 	
      675	           52 	
      676	           54 	
      677	           65 	
      678	           50 	
      679	           49 	
      680	           50 	
      681	           40 	
      682	           64 	
      683	           47 	
      684	           49 	
      685	           45 	
      686	           41 	
      687	           48 	
      688	           58 	
      689	           46 	
      690	           42 	
      691	           46 	
      692	           37 	
      693	           58 	
      694	           57 	
      695	           48 	
      696	           47 	
      697	           46 	
      698	           58 	
      699	           51 	
      700	           41 	
      701	           35 	
      702	           39 	
      703	           62 	
      704	           46 	
      705	           52 	
      706	           64 	
      707	           56 	
      708	           51 	
      709	           40 	
      710	           49 	
      711	           57 	
      712	           44 	
      713	           49 	
      714	           40 	
      715	           47 	
      716	           58 	
      717	           34 	
      718	           44 	
      719	           41 	
      720	           39 	
      721	           56 	
      722	           38 	
      723	           43 	
      724	           59 	
      725	           45 	
      726	           41 	
      727	           60 	
      728	           46 	
      729	           65 	
      730	           43 	
      731	           60 	
      732	           49 	
      733	           44 	
      734	           49 	
      735	           41 	
      736	           37 	
      737	           40 	
      738	           45 	
      739	           46 	
      740	           49 	
      741	           52 	
      742	           42 	
      743	           49 	
      744	           42 	
      745	           45 	
      746	           55 	
      747	           46 	
      748	           38 	
      749	           62 	
      750	           38 	
      751	           41 	
      752	           58 	
      753	           47 	
      754	           42 	
      755	           40 	
      756	           50 	
      757	           47 	
      758	           43 	
      759	           53 	
      760	           36 	
      761	           62 	
      762	           38 	
      763	           48 	
      764	           51 	
      765	           48 	
      766	           39 	
      767	           51 	
      768	           47 	
      769	           47 	
      770	           41 	
      771	           48 	
      772	           40 	
      773	           29 	
      774	           38 	
      775	           39 	
      776	           44 	
      777	           43 	
      778	           56 	
      779	           43 	
      780	           57 	
      781	           49 	
      782	           48 	
      783	           43 	
      784	           52 	
      785	           41 	
      786	           53 	
      787	           46 	
      788	           43 	
      789	           41 	
      790	           33 	
      791	           54 	
      792	           47 	
      793	           53 	
      794	           48 	
      795	           43 	
      796	           52 	
      797	           38 	
      798	           49 	
      799	           54 	
      800	           46 	
      801	           41 	
      802	           41 	
      803	           60 	
      804	           49 	
      805	           44 	
      806	           43 	
      807	           47 	
      808	           49 	
      809	           58 	
      810	           54 	
      811	           56 	
      812	           45 	
      813	           51 	
      814	           55 	
      815	           43 	
      816	           56 	
      817	           45 	
      818	           47 	
      819	           55 	
      820	           41 	
      821	           47 	
      822	           55 	
      823	           58 	
      824	           43 	
      825	           45 	
      826	           50 	
      827	           49 	
      828	           42 	
      829	           61 	
      830	           47 	
      831	           51 	
      832	           55 	
      833	           62 	
      834	           61 	
      835	           49 	
      836	           47 	
      837	           61 	
      838	           53 	
      839	           44 	
      840	           35 	
      841	           56 	
      842	           55 	
      843	           59 	
      844	           53 	
      845	           54 	
      846	           38 	
      847	           49 	
      848	           54 	
      849	           54 	
      850	           64 	
      851	           50 	
      852	           45 	
      853	           46 	
      854	           54 	
      855	           39 	
      856	           48 	
      857	           47 	
      858	           51 	
      859	           64 	
      860	           55 	
      861	           48 	
      862	           42 	
      863	           38 	
      864	           52 	
      865	           58 	
      866	           53 	
      867	           47 	
      868	           46 	
      869	           48 	
      870	           46 	
      871	           46 	
      872	           41 	
      873	           42 	
      874	           46 	
      875	           51 	
      876	           57 	
      877	           58 	
      878	           45 	
      879	           49 	
      880	           45 	
      881	           38 	
      882	           57 	
      883	           55 	
      884	           48 	
      885	           44 	
      886	           48 	
      887	           42 	
      888	           46 	
      889	           49 	
      890	           46 	
      891	           60 	
      892	           56 	
      893	           52 	
      894	           46 	
      895	           53 	
      896	           49 	
      897	           59 	
      898	           47 	
      899	           50 	
      900	           52 	
      901	           52 	
      902	           56 	
      903	           44 	
      904	           61 	
      905	           49 	
      906	           44 	
      907	           45 	
      908	           54 	
      909	           49 	
      910	           51 	
      911	           66 	
      912	           38 	
      913	           57 	
      914	           48 	
      915	           48 	
      916	           50 	
      917	           37 	
      918	           52 	
      919	           47 	
      920	           41 	
      921	           48 	
      922	           41 	
      923	           51 	
      924	           51 	
      925	           42 	
      926	           56 	
      927	           55 	
      928	           49 	
      929	           52 	
      930	           62 	
      931	           40 	
      932	           40 	
      933	           43 	
      934	           49 	
      935	           40 	
      936	           58 	
      937	           45 	
      938	           45 	
      939	           52 	
      940	           46 	
      941	           53 	
      942	           46 	
      943	           52 	
      944	           53 	
      945	           61 	
      946	           63 	
      947	           45 	
      948	           52 	
      949	           44 	
      950	           43 	
      951	           57 	
      952	           64 	
      953	           53 	
      954	           55 	
      955	           42 	
      956	           48 	
      957	           42 	
      958	           52 	
      959	           42 	
      960	           42 	
      961	           41 	
      962	           46 	
      963	           49 	
      964	           41 	
      965	           51 	
      966	           49 	
      967	           45 	
      968	           47 	
      969	           37 	
      970	           42 	
      971	           49 	
      972	           38 	
      973	           58 	
      974	           48 	
      975	           69 	
      976	           50 	
      977	           55 	
      978	           52 	
      979	           55 	
      980	           53 	
      981	           37 	
      982	           41 	
      983	           40 	
      984	           58 	
      985	           42 	
      986	           50 	
      987	           40 	
      988	           48 	
      989	           40 	
      990	           53 	
      991	           48 	
      992	           58 	
      993	           51 	
      994	           52 	
      995	           61 	
      996	           44 	
      997	           51 	
      998	           54 	
      999	           58 	
     1000	           43 	
     1001	           58 	
     1002	           63 	
     1003	           42 	
     1004	           53 	
     1005	           49 	
     1006	           45 	
     1007	           45 	
     1008	           39 	
     1009	           44 	
     1010	           48 	
     1011	           49 	
     1012	           48 	
     1013	           51 	
     1014	           55 	
     1015	           50 	
     1016	           46 	
     1017	           39 	
     1018	           36 	
     1019	           51 	
     1020	           46 	
     1021	           48 	
     1022	           50 	
     1023	           61 	
     1024	           42 	
     1025	           49 	
     1026	           51 	
     1027	           48 	
     1028	           50 	
     1029	           44 	
     1030	           52 	
     1031	           42 	
     1032	           46 	
     1033	           40 	
     1034	           47 	
     1035	           51 	
     1036	           50 	
     1037	           46 	
     1038	           39 	
     1039	           49 	
     1040	           49 	
     1041	           59 	
     1042	           40 	
     1043	           43 	
     1044	           44 	
     1045	           52 	
     1046	           49 	
     1047	           48 	
     1048	           63 	
     1049	           40 	
     1050	           47 	
     1051	           44 	
     1052	           49 	
     1053	           45 	
     1054	           38 	
     1055	           54 	
     1056	           56 	
     1057	           41 	
     1058	           49 	
     1059	           44 	
     1060	           49 	
     1061	           43 	
     1062	           37 	
     1063	           54 	
     1064	           56 	
     1065	           51 	
     1066	           43 	
     1067	           58 	
     1068	           41 	
     1069	           54 	
     1070	           43 	
     1071	           50 	
     1072	           51 	
     1073	           38 	
     1074	           65 	
     1075	           49 	
     1076	           57 	
     1077	           38 	
     1078	           50 	
     1079	           43 	
     1080	           49 	
     1081	           46 	
     1082	           38 	
     1083	           54 	
     1084	           42 	
     1085	           45 	
     1086	           38 	
     1087	           47 	
     1088	           50 	
     1089	           49 	
     1090	           48 	
     1091	           49 	
     1092	           45 	
     1093	           48 	
     1094	           56 	
     1095	           43 	
     1096	           50 	
     1097	           46 	
     1098	           47 	
     1099	           55 	
     1100	           47 	
     1101	           48 	
     1102	           56 	
     1103	           58 	
     1104	           52 	
     1105	           51 	
     1106	           60 	
     1107	           55 	
     1108	           36 	
     1109	           53 	
     1110	           48 	
     1111	           44 	
     1112	           44 	
     1113	           48 	
     1114	           51 	
     1115	           40 	
     1116	           49 	
     1117	           57 	
     1118	           46 	
     1119	           48 	
     1120	           51 	
     1121	           46 	
     1122	           49 	
     1123	           45 	
     1124	           56 	
     1125	           57 	
     1126	           53 	
     1127	           61 	
     1128	           50 	
     1129	           34 	
     1130	           47 	
     1131	           46 	
     1132	           53 	
     1133	           37 	
     1134	           49 	
     1135	           47 	
     1136	           59 	
     1137	           39 	
     1138	           60 	
     1139	           52 	
     1140	           42 	
     1141	           52 	
     1142	           59 	
     1143	           39 	
     1144	           50 	
     1145	           51 	
     1146	           47 	
     1147	           46 	
     1148	           60 	
     1149	           44 	
     1150	           42 	
     1151	           52 	
     1152	           47 	
     1153	           68 	
     1154	           51 	
     1155	           59 	
     1156	           51 	
     1157	           38 	
     1158	           56 	
     1159	           63 	
     1160	           40 	
     1161	           48 	
     1162	           53 	
     1163	           36 	
     1164	           46 	
     1165	           52 	
     1166	           58 	
     1167	           43 	
     1168	           53 	
     1169	           41 	
     1170	           47 	
     1171	           42 	
     1172	           54 	
     1173	           44 	
     1174	           54 	
     1175	           44 	
     1176	           48 	
     1177	           44 	
     1178	           45 	
     1179	           34 	
     1180	           55 	
     1181	           48 	
     1182	           46 	
     1183	           55 	
     1184	           52 	
     1185	           41 	
     1186	           40 	
     1187	           53 	
     1188	           49 	
     1189	           47 	
     1190	           46 	
     1191	           46 	
     1192	           55 	
     1193	           60 	
     1194	           60 	
     1195	           38 	
     1196	           53 	
     1197	           44 	
     1198	           53 	
     1199	           37 	
     1200	           36 	
     1201	           50 	
     1202	           49 	
     1203	           50 	
     1204	           51 	
     1205	           51 	
     1206	           53 	
     1207	           50 	
     1208	           51 	
     1209	           50 	
     1210	           59 	
     1211	           56 	
     1212	           41 	
     1213	           42 	
     1214	           45 	
     1215	           47 	
     1216	           49 	
     1217	           69 	
     1218	           57 	
     1219	           42 	
     1220	           44 	
     1221	           37 	
     1222	           42 	
     1223	           38 	
     1224	           49 	
     1225	           64 	
     1226	           51 	
     1227	           50 	
     1228	           54 	
     1229	           40 	
     1230	           51 	
     1231	           48 	
     1232	           52 	
     1233	           37 	
     1234	           46 	
     1235	           58 	
     1236	           39 	
     1237	           41 	
     1238	           40 	
     1239	           50 	
     1240	           53 	
     1241	           56 	
     1242	           49 	
     1243	           42 	
     1244	           43 	
     1245	           47 	
     1246	           45 	
     1247	           57 	
     1248	           46 	
     1249	           58 	
     1250	           46 	
     1251	           49 	
     1252	           43 	
     1253	           51 	
     1254	           40 	
     1255	           52 	
     1256	           40 	
     1257	           45 	
     1258	           53 	
     1259	           58 	
     1260	           62 	
     1261	           47 	
     1262	           44 	
     1263	           48 	
     1264	           40 	
     1265	           51 	
     1266	           45 	
     1267	           47 	
     1268	           62 	
     1269	           55 	
     1270	           45 	
     1271	           40 	
     1272	           45 	
     1273	           53 	
     1274	           48 	
     1275	           45 	
     1276	           49 	
     1277	           66 	
     1278	           48 	
     1279	           44 	
     1280	           53 	
     1281	           57 	
     1282	           42 	
     1283	           33 	
     1284	           52 	
     1285	           46 	
     1286	           44 	
     1287	           42 	
     1288	           59 	
     1289	           43 	
     1290	           52 	
     1291	           45 	
     1292	           40 	
     1293	           42 	
     1294	           41 	
     1295	           47 	
     1296	           52 	
     1297	           43 	
     1298	           54 	
     1299	           48 	
     1300	           49 	
     1301	           40 	
     1302	           60 	
     1303	           44 	
     1304	           41 	
     1305	           47 	
     1306	           58 	
     1307	           38 	
     1308	           47 	
     1309	           48 	
     1310	           44 	
     1311	           53 	
     1312	           41 	
     1313	           56 	
     1314	           38 	
     1315	           56 	
     1316	           48 	
     1317	           46 	
     1318	           43 	
     1319	           48 	
     1320	           50 	
     1321	           44 	
     1322	           42 	
     1323	           45 	
     1324	           49 	
     1325	           47 	
     1326	           50 	
     1327	           52 	
     1328	           41 	
     1329	           64 	
     1330	           46 	
     1331	           48 	
     1332	           47 	
     1333	           40 	
     1334	           44 	
     1335	           45 	
     1336	           38 	
     1337	           51 	
     1338	           45 	
     1339	           54 	
     1340	           57 	
     1341	           47 	
     1342	           46 	
     1343	           51 	
     1344	           51 	
     1345	           47 	
     1346	           57 	
     1347	           43 	
     1348	           47 	
     1349	           53 	
     1350	           40 	
     1351	           50 	
     1352	           50 	
     1353	           55 	
     1354	           48 	
     1355	           44 	
     1356	           57 	
     1357	           65 	
     1358	           40 	
     1359	           51 	
     1360	           52 	
     1361	           48 	
     1362	           56 	
     1363	           51 	
     1364	           44 	
     1365	           49 	
     1366	           46 	
     1367	           40 	
     1368	           50 	
     1369	           44 	
     1370	           47 	
     1371	           46 	
     1372	           46 	
     1373	           44 	
     1374	           33 	
     1375	           52 	
     1376	           53 	
     1377	           40 	
     1378	           55 	
     1379	           55 	
     1380	           51 	
     1381	           52 	
     1382	           37 	
     1383	           44 	
     1384	           37 	
     1385	           51 	
     1386	           44 	
     1387	           49 	
     1388	           57 	
     1389	           48 	
     1390	           45 	
     1391	           46 	
     1392	           44 	
     1393	           45 	
     1394	           38 	
     1395	           51 	
     1396	           48 	
     1397	           57 	
     1398	           44 	
     1399	           50 	
     1400	           42 	
     1401	           59 	
     1402	           53 	
     1403	           52 	
     1404	           47 	
     1405	           55 	
     1406	           49 	
     1407	           53 	
     1408	           38 	
     1409	           48 	
     1410	           46 	
     1411	           56 	
     1412	           48 	
     1413	           48 	
     1414	           44 	
     1415	           58 	
     1416	           56 	
     1417	           47 	
     1418	           49 	
     1419	           44 	
     1420	           62 	
     1421	           49 	
     1422	           50 	
     1423	           44 	
     1424	           61 	
     1425	           46 	
     1426	           55 	
     1427	           53 	
     1428	           40 	
     1429	           58 	
     1430	           44 	
     1431	           45 	
     1432	           49 	
     1433	           47 	
     1434	           54 	
     1435	           54 	
     1436	           44 	
     1437	           49 	
     1438	           55 	
     1439	           50 	
     1440	           54 	
     1441	           49 	
     1442	           46 	
     1443	           37 	
     1444	           44 	
     1445	           48 	
     1446	           51 	
     1447	           58 	
     1448	           61 	
     1449	           47 	
     1450	           41 	
     1451	           50 	
     1452	           51 	
     1453	           42 	
     1454	           64 	
     1455	           52 	
     1456	           50 	
     1457	           53 	
     1458	           43 	
     1459	           53 	
     1460	           46 	
     1461	           55 	
     1462	           41 	
     1463	           47 	
     1464	           53 	
     1465	           56 	
     1466	           59 	
     1467	           48 	
     1468	           43 	
     1469	           55 	
     1470	           48 	
     1471	           41 	
     1472	           47 	
     1473	           45 	
     1474	           60 	
     1475	           35 	
     1476	           49 	
     1477	           60 	
     1478	           50 	
     1479	           52 	
     1480	           50 	
     1481	           49 	
     1482	           53 	
     1483	           46 	
     1484	           45 	
     1485	           48 	
     1486	           40 	
     1487	           52 	
     1488	           58 	
     1489	           34 	
     1490	           48 	
     1491	           50 	
     1492	           35 	
     1493	           49 	
     1494	           47 	
     1495	           46 	
     1496	           46 	
     1497	           62 	
     1498	           47 	
     1499	           41 	
     1500	           56 	
     1501	           40 	
     1502	           51 	
     1503	           53 	
     1504	           48 	
     1505	           50 	
     1506	           45 	
     1507	           43 	
     1508	           63 	
     1509	           50 	
     1510	           42 	
     1511	           39 	
     1512	           45 	
     1513	           57 	
     1514	           49 	
     1515	           43 	
     1516	           47 	
     1517	           35 	
     1518	           62 	
     1519	           40 	
     1520	           55 	
     1521	           48 	
     1522	           48 	
     1523	           60 	
     1524	           42 	
     1525	           55 	
     1526	           34 	
     1527	           44 	
     1528	           58 	
     1529	           45 	
     1530	           44 	
     1531	           35 	
     1532	           46 	
     1533	           44 	
     1534	           40 	
     1535	           48 	
     1536	           49 	
     1537	           56 	
     1538	           37 	
     1539	           56 	
     1540	           51 	
     1541	           39 	
     1542	           42 	
     1543	           44 	
     1544	           45 	
     1545	           42 	
     1546	           64 	
     1547	           48 	
     1548	           49 	
     1549	           48 	
     1550	           48 	
     1551	           38 	
     1552	           60 	
     1553	           40 	
     1554	           53 	
     1555	           47 	
     1556	           39 	
     1557	           41 	
     1558	           45 	
     1559	           56 	
     1560	           40 	
     1561	           44 	
     1562	           49 	
     1563	           49 	
     1564	           54 	
     1565	           40 	
     1566	           54 	
     1567	           47 	
     1568	           47 	
     1569	           51 	
     1570	           55 	
     1571	           45 	
     1572	           53 	
     1573	           46 	
     1574	           46 	
     1575	           48 	
     1576	           36 	
     1577	           44 	
     1578	           43 	
     1579	           42 	
     1580	           49 	
     1581	           60 	
     1582	           52 	
     1583	           54 	
     1584	           43 	
     1585	           50 	
     1586	           56 	
     1587	           40 	
     1588	           46 	
     1589	           43 	
     1590	           50 	
     1591	           46 	
     1592	           52 	
     1593	           42 	
     1594	           54 	
     1595	           66 	
     1596	           47 	
     1597	           44 	
     1598	           59 	
     1599	           45 	
     1600	           37 	
     1601	           45 	
     1602	           41 	
     1603	           56 	
     1604	           44 	
     1605	           41 	
     1606	           36 	
     1607	           42 	
     1608	           44 	
     1609	           50 	
     1610	           52 	
     1611	           54 	
     1612	           62 	
     1613	           45 	
     1614	           48 	
     1615	           41 	
     1616	           56 	
     1617	           48 	
     1618	           59 	
     1619	           49 	
     1620	           34 	
     1621	           54 	
     1622	           57 	
     1623	           49 	
     1624	           50 	
     1625	           59 	
     1626	           46 	
     1627	           56 	
     1628	           46 	
     1629	           39 	
     1630	           42 	
     1631	           62 	
     1632	           41 	
     1633	           52 	
     1634	           56 	
     1635	           48 	
     1636	           53 	
     1637	           46 	
     1638	           50 	
     1639	           50 	
     1640	           63 	
     1641	           52 	
     1642	           44 	
     1643	           55 	
     1644	           45 	
     1645	           55 	
     1646	           51 	
     1647	           46 	
     1648	           35 	
     1649	           52 	
     1650	           60 	
     1651	           44 	
     1652	           47 	
     1653	           60 	
     1654	           52 	
     1655	           37 	
     1656	           37 	
     1657	           67 	
     1658	           42 	
     1659	           42 	
     1660	           38 	
     1661	           56 	
     1662	           65 	
     1663	           56 	
     1664	           65 	
     1665	           48 	
     1666	           40 	
     1667	           45 	
     1668	           56 	
     1669	           57 	
     1670	           45 	
     1671	           50 	
     1672	           34 	
     1673	           52 	
     1674	           54 	
     1675	           36 	
     1676	           48 	
     1677	           43 	
     1678	           51 	
     1679	           48 	
     1680	           46 	
     1681	           59 	
     1682	           35 	
     1683	           60 	
     1684	           51 	
     1685	           54 	
     1686	           39 	
     1687	           46 	
     1688	           36 	
     1689	           59 	
     1690	           42 	
     1691	           41 	
     1692	           44 	
     1693	           38 	
     1694	           48 	
     1695	           40 	
     1696	           50 	
     1697	           55 	
     1698	           44 	
     1699	           44 	
     1700	           46 	
     1701	           46 	
     1702	           56 	
     1703	           45 	
     1704	           60 	
     1705	           43 	
     1706	           37 	
     1707	           48 	
     1708	           49 	
     1709	           43 	
     1710	           54 	
     1711	           51 	
     1712	           52 	
     1713	           37 	
     1714	           45 	
     1715	           50 	
     1716	           53 	
     1717	           47 	
     1718	           43 	
     1719	           45 	
     1720	           47 	
     1721	           45 	
     1722	           60 	
     1723	           45 	
     1724	           50 	
     1725	           42 	
     1726	           44 	
     1727	           41 	
     1728	           52 	
     1729	           38 	
     1730	           45 	
     1731	           44 	
     1732	           45 	
     1733	           40 	
     1734	           39 	
     1735	           55 	
     1736	           50 	
     1737	           53 	
     1738	           49 	
     1739	           41 	
     1740	           42 	
     1741	           43 	
     1742	           44 	
     1743	           46 	
     1744	           58 	
     1745	           44 	
     1746	           38 	
     1747	           47 	
     1748	           60 	
     1749	           54 	
     1750	           42 	
     1751	           36 	
     1752	           54 	
     1753	           52 	
     1754	           37 	
     1755	           39 	
     1756	           52 	
     1757	           46 	
     1758	           47 	
     1759	           32 	
     1760	           53 	
     1761	           38 	
     1762	           45 	
     1763	           44 	
     1764	           56 	
     1765	           57 	
     1766	           49 	
     1767	           41 	
     1768	           31 	
     1769	           58 	
     1770	           39 	
     1771	           43 	
     1772	           38 	
     1773	           38 	
     1774	           63 	
     1775	           44 	
     1776	           52 	
     1777	           53 	
     1778	           55 	
     1779	           50 	
     1780	           64 	
     1781	           47 	
     1782	           33 	
     1783	           40 	
     1784	           47 	
     1785	           47 	
     1786	           49 	
     1787	           47 	
     1788	           45 	
     1789	           51 	
     1790	           41 	
     1791	           51 	
     1792	           41 	
     1793	           49 	
     1794	           29 	
     1795	           39 	
     1796	           50 	
     1797	           49 	
     1798	           50 	
     1799	           60 	
     1800	           47 	
     1801	           42 	
     1802	           42 	
     1803	           52 	
     1804	           52 	
     1805	           40 	
     1806	           38 	
     1807	           47 	
     1808	           48 	
     1809	           53 	
     1810	           54 	
     1811	           40 	
     1812	           61 	
     1813	           38 	
     1814	           47 	
     1815	           44 	
     1816	           42 	
     1817	           52 	
     1818	           49 	
     1819	           45 	
     1820	           49 	
     1821	           54 	
     1822	           55 	
     1823	           52 	
     1824	           49 	
     1825	           51 	
     1826	           43 	
     1827	           38 	
     1828	           50 	
     1829	           55 	
     1830	           42 	
     1831	           51 	
     1832	           58 	
     1833	           56 	
     1834	           42 	
     1835	           44 	
     1836	           52 	
     1837	           61 	
     1838	           45 	
     1839	           57 	
     1840	           50 	
     1841	           50 	
     1842	           52 	
     1843	           58 	
     1844	           44 	
     1845	           48 	
     1846	           49 	
     1847	           56 	
     1848	           53 	
     1849	           34 	
     1850	           41 	
     1851	           42 	
     1852	           50 	
     1853	           53 	
     1854	           48 	
     1855	           49 	
     1856	           44 	
     1857	           52 	
     1858	           49 	
     1859	           57 	
     1860	           42 	
     1861	           60 	
     1862	           39 	
     1863	           53 	
     1864	           46 	
     1865	           55 	
     1866	           53 	
     1867	           61 	
     1868	           62 	
     1869	           46 	
     1870	           50 	
     1871	           48 	
     1872	           46 	
     1873	           55 	
     1874	           45 	
     1875	           52 	
     1876	           59 	
     1877	           40 	
     1878	           49 	
     1879	           41 	
     1880	           51 	
     1881	           59 	
     1882	           31 	
     1883	           51 	
     1884	           45 	
     1885	           45 	
     1886	           55 	
     1887	           43 	
     1888	           43 	
     1889	           44 	
     1890	           55 	
     1891	           51 	
     1892	           45 	
     1893	           45 	
     1894	           41 	
     1895	           53 	
     1896	           60 	
     1897	           27 	
     1898	           46 	
     1899	           56 	
     1900	           37 	
     1901	           49 	
     1902	           44 	
     1903	           49 	
     1904	           58 	
     1905	           43 	
     1906	           50 	
     1907	           30 	
     1908	           54 	
     1909	           47 	
     1910	           46 	
     1911	           45 	
     1912	           33 	
     1913	           41 	
     1914	           37 	
     1915	           41 	
     1916	           37 	
     1917	           30 	
     1918	           36 	
     1919	           59 	
     1920	           47 	
     1921	           46 	
     1922	           48 	
     1923	           42 	
     1924	           46 	
     1925	           46 	
     1926	           46 	
     1927	           40 	
     1928	           48 	
     1929	           36 	
     1930	           46 	
     1931	           57 	
     1932	           52 	
     1933	           40 	
     1934	           52 	
     1935	           48 	
     1936	           48 	
     1937	           48 	
     1938	           47 	
     1939	           55 	
     1940	           53 	
     1941	           55 	
     1942	           54 	
     1943	           42 	
     1944	           45 	
     1945	           46 	
     1946	           43 	
     1947	           60 	
     1948	           69 	
     1949	           45 	
     1950	           37 	
     1951	           48 	
     1952	           38 	
     1953	           46 	
     1954	           58 	
     1955	           44 	
     1956	           46 	
     1957	           51 	
     1958	           49 	
     1959	           52 	
     1960	           51 	
     1961	           48 	
     1962	           39 	
     1963	           56 	
     1964	           42 	
     1965	           54 	
     1966	           50 	
     1967	           40 	
     1968	           50 	
     1969	           50 	
     1970	           49 	
     1971	           36 	
     1972	           51 	
     1973	           47 	
     1974	           43 	
     1975	           45 	
     1976	           35 	
     1977	           46 	
     1978	           49 	
     1979	           48 	
     1980	           38 	
     1981	           42 	
     1982	           43 	
     1983	           49 	
     1984	           41 	
     1985	           45 	
     1986	           47 	
     1987	           47 	
     1988	           37 	
     1989	           52 	
     1990	           40 	
     1991	           45 	
     1992	           43 	
     1993	           37 	
     1994	           38 	
     1995	           50 	
     1996	           58 	
     1997	           53 	
     1998	           35 	
     1999	           38 	
     2000	           52 	
