Thorlabs Single Photon Counter Data Export

Date (YYYY-MM-DD):	2025-09-12
Time (HH:MM:SS):	23:20:19
Device Name:	SPCM50A
Serial Number:	M00296614
GUI Revision:	1.0 Build 23
Driver Revision:	1.1.0
Firmware Revision:	1.0.0

Application settings:
Operating Mode:	Free Running Timed Counter
Bin Length [ms]:	1
Time between Bins [ms]:	0.001
Pulse Blind Time [ns]:	0
Trigger Edge:	non-applicable
Array Measurement:	Yes
Array Measurement Continuously:	No
Bins per Array:	2000
Active APD Gating:	No
Fan Off:	No

Bin Number 	Counts per Bin 	Remarks
        1	           32 	
        2	           38 	
        3	           32 	
        4	           35 	
        5	           43 	
        6	           36 	
        7	           42 	
        8	           41 	
        9	           37 	
       10	           37 	
       11	           37 	
       12	           43 	
       13	           27 	
       14	           47 	
       15	           44 	
       16	           39 	
       17	           30 	
       18	           43 	
       19	           36 	
       20	           47 	
       21	           44 	
       22	           30 	
       23	           43 	
       24	           33 	
       25	           35 	
       26	           36 	
       27	           34 	
       28	           43 	
       29	           32 	
       30	           34 	
       31	           44 	
       32	           38 	
       33	           48 	
       34	           46 	
       35	           38 	
       36	           43 	
       37	           31 	
       38	           33 	
       39	           30 	
       40	           29 	
       41	           44 	
       42	           46 	
       43	           23 	
       44	           33 	
       45	           40 	
       46	           30 	
       47	           35 	
       48	           29 	
       49	           25 	
       50	           32 	
       51	           35 	
       52	           35 	
       53	           35 	
       54	           39 	
       55	           49 	
       56	           44 	
       57	           50 	
       58	           40 	
       59	           34 	
       60	           36 	
       61	           33 	
       62	           33 	
       63	           26 	
       64	           28 	
       65	           37 	
       66	           51 	
       67	           33 	
       68	           35 	
       69	           44 	
       70	           39 	
       71	           40 	
       72	           38 	
       73	           35 	
       74	           32 	
       75	           32 	
       76	           37 	
       77	           25 	
       78	           36 	
       79	           45 	
       80	           31 	
       81	           32 	
       82	           35 	
       83	           40 	
       84	           32 	
       85	           38 	
       86	           31 	
       87	           39 	
       88	           39 	
       89	           44 	
       90	           37 	
       91	           41 	
       92	           32 	
       93	           39 	
       94	           37 	
       95	           30 	
       96	           30 	
       97	           41 	
       98	           42 	
       99	           48 	
      100	           32 	
      101	           43 	
      102	           50 	
      103	           44 	
      104	           49 	
      105	           34 	
      106	           38 	
      107	           31 	
      108	           39 	
      109	           42 	
      110	           42 	
      111	           45 	
      112	           43 	
      113	           51 	
      114	           31 	
      115	           45 	
      116	           35 	
      117	           41 	
      118	           42 	
      119	           38 	
      120	           35 	
      121	           33 	
      122	           37 	
      123	           48 	
      124	           31 	
      125	           34 	
      126	           30 	
      127	           42 	
      128	           37 	
      129	           41 	
      130	           48 	
      131	           39 	
      132	           38 	
      133	           44 	
      134	           33 	
      135	           29 	
      136	           38 	
      137	           35 	
      138	           37 	
      139	           42 	
      140	           32 	
      141	           43 	
      142	           41 	
      143	           30 	
      144	           37 	
      145	           30 	
      146	           44 	
      147	           45 	
      148	           49 	
      149	           31 	
      150	           38 	
      151	           50 	
      152	           33 	
      153	           42 	
      154	           27 	
      155	           38 	
      156	           26 	
      157	           34 	
      158	           43 	
      159	           38 	
      160	           39 	
      161	           38 	
      162	           34 	
      163	           29 	
      164	           41 	
      165	           36 	
      166	           34 	
      167	           37 	
      168	           43 	
      169	           46 	
      170	           36 	
      171	           46 	
      172	           34 	
      173	           30 	
      174	           30 	
      175	           31 	
      176	           39 	
      177	           42 	
      178	           36 	
      179	           37 	
      180	           36 	
      181	           29 	
      182	           38 	
      183	           25 	
      184	           38 	
      185	           25 	
      186	           25 	
      187	           35 	
      188	           41 	
      189	           48 	
      190	           38 	
      191	           37 	
      192	           33 	
      193	           40 	
      194	           43 	
      195	           27 	
      196	           29 	
      197	           31 	
      198	           27 	
      199	           47 	
      200	           50 	
      201	           33 	
      202	           40 	
      203	           37 	
      204	           44 	
      205	           30 	
      206	           28 	
      207	           32 	
      208	           45 	
      209	           41 	
      210	           27 	
      211	           50 	
      212	           46 	
      213	           25 	
      214	           34 	
      215	           25 	
      216	           32 	
      217	           40 	
      218	           44 	
      219	           37 	
      220	           40 	
      221	           39 	
      222	           41 	
      223	           39 	
      224	           35 	
      225	           46 	
      226	           36 	
      227	           45 	
      228	           47 	
      229	           42 	
      230	           39 	
      231	           38 	
      232	           38 	
      233	           39 	
      234	           33 	
      235	           45 	
      236	           38 	
      237	           38 	
      238	           36 	
      239	           32 	
      240	           37 	
      241	           44 	
      242	           48 	
      243	           51 	
      244	           37 	
      245	           52 	
      246	           48 	
      247	           41 	
      248	           39 	
      249	           38 	
      250	           39 	
      251	           31 	
      252	           44 	
      253	           48 	
      254	           47 	
      255	           34 	
      256	           37 	
      257	           35 	
      258	           37 	
      259	           36 	
      260	           31 	
      261	           42 	
      262	           44 	
      263	           38 	
      264	           40 	
      265	           29 	
      266	           31 	
      267	           46 	
      268	           32 	
      269	           37 	
      270	           40 	
      271	           41 	
      272	           26 	
      273	           37 	
      274	           29 	
      275	           45 	
      276	           43 	
      277	           43 	
      278	           39 	
      279	           41 	
      280	           32 	
      281	           33 	
      282	           42 	
      283	           45 	
      284	           40 	
      285	           39 	
      286	           42 	
      287	           36 	
      288	           36 	
      289	           28 	
      290	           30 	
      291	           28 	
      292	           44 	
      293	           40 	
      294	           38 	
      295	           40 	
      296	           38 	
      297	           48 	
      298	           36 	
      299	           45 	
      300	           42 	
      301	           37 	
      302	           28 	
      303	           24 	
      304	           37 	
      305	           40 	
      306	           45 	
      307	           30 	
      308	           42 	
      309	           38 	
      310	           46 	
      311	           37 	
      312	           41 	
      313	           43 	
      314	           43 	
      315	           35 	
      316	           46 	
      317	           35 	
      318	           53 	
      319	           45 	
      320	           34 	
      321	           37 	
      322	           41 	
      323	           41 	
      324	           42 	
      325	           33 	
      326	           34 	
      327	           43 	
      328	           43 	
      329	           32 	
      330	           34 	
      331	           37 	
      332	           41 	
      333	           41 	
      334	           56 	
      335	           33 	
      336	           36 	
      337	           53 	
      338	           32 	
      339	           24 	
      340	           34 	
      341	           43 	
      342	           29 	
      343	           43 	
      344	           44 	
      345	           28 	
      346	           29 	
      347	           34 	
      348	           44 	
      349	           35 	
      350	           49 	
      351	           32 	
      352	           36 	
      353	           35 	
      354	           42 	
      355	           31 	
      356	           34 	
      357	           37 	
      358	           38 	
      359	           44 	
      360	           37 	
      361	           45 	
      362	           39 	
      363	           34 	
      364	           48 	
      365	           39 	
      366	           30 	
      367	           39 	
      368	           42 	
      369	           38 	
      370	           28 	
      371	           32 	
      372	           35 	
      373	           48 	
      374	           37 	
      375	           37 	
      376	           42 	
      377	           50 	
      378	           43 	
      379	           39 	
      380	           59 	
      381	           34 	
      382	           46 	
      383	           42 	
      384	           43 	
      385	           48 	
      386	           45 	
      387	           41 	
      388	           41 	
      389	           44 	
      390	           47 	
      391	           41 	
      392	           39 	
      393	           47 	
      394	           31 	
      395	           40 	
      396	           33 	
      397	           30 	
      398	           40 	
      399	           33 	
      400	           45 	
      401	           40 	
      402	           39 	
      403	           44 	
      404	           45 	
      405	           40 	
      406	           38 	
      407	           21 	
      408	           43 	
      409	           35 	
      410	           32 	
      411	           43 	
      412	           51 	
      413	           25 	
      414	           33 	
      415	           44 	
      416	           45 	
      417	           32 	
      418	           35 	
      419	           36 	
      420	           48 	
      421	           43 	
      422	           48 	
      423	           34 	
      424	           30 	
      425	           37 	
      426	           37 	
      427	           36 	
      428	           48 	
      429	           35 	
      430	           34 	
      431	           40 	
      432	           36 	
      433	           40 	
      434	           27 	
      435	           42 	
      436	           36 	
      437	           34 	
      438	           29 	
      439	           36 	
      440	           41 	
      441	           50 	
      442	           34 	
      443	           38 	
      444	           39 	
      445	           27 	
      446	           35 	
      447	           43 	
      448	           44 	
      449	           45 	
      450	           37 	
      451	           39 	
      452	           29 	
      453	           41 	
      454	           38 	
      455	           36 	
      456	           31 	
      457	           52 	
      458	           43 	
      459	           39 	
      460	           49 	
      461	           43 	
      462	           26 	
      463	           31 	
      464	           39 	
      465	           40 	
      466	           44 	
      467	           41 	
      468	           40 	
      469	           45 	
      470	           47 	
      471	           43 	
      472	           40 	
      473	           49 	
      474	           44 	
      475	           53 	
      476	           37 	
      477	           38 	
      478	           38 	
      479	           45 	
      480	           35 	
      481	           34 	
      482	           46 	
      483	           49 	
      484	           34 	
      485	           47 	
      486	           36 	
      487	           39 	
      488	           33 	
      489	           35 	
      490	           40 	
      491	           43 	
      492	           40 	
      493	           33 	
      494	           44 	
      495	           39 	
      496	           33 	
      497	           43 	
      498	           43 	
      499	           48 	
      500	           35 	
      501	           48 	
      502	           33 	
      503	           36 	
      504	           30 	
      505	           37 	
      506	           37 	
      507	           49 	
      508	           32 	
      509	           43 	
      510	           33 	
      511	           32 	
      512	           32 	
      513	           41 	
      514	           29 	
      515	           33 	
      516	           40 	
      517	           24 	
      518	           48 	
      519	           39 	
      520	           52 	
      521	           37 	
      522	           37 	
      523	           43 	
      524	           35 	
      525	           40 	
      526	           32 	
      527	           38 	
      528	           49 	
      529	           35 	
      530	           38 	
      531	           49 	
      532	           30 	
      533	           38 	
      534	           36 	
      535	           40 	
      536	           39 	
      537	           31 	
      538	           27 	
      539	           31 	
      540	           39 	
      541	           44 	
      542	           38 	
      543	           38 	
      544	           37 	
      545	           39 	
      546	           33 	
      547	           59 	
      548	           42 	
      549	           41 	
      550	           31 	
      551	           45 	
      552	           34 	
      553	           43 	
      554	           46 	
      555	           43 	
      556	           49 	
      557	           53 	
      558	           40 	
      559	           39 	
      560	           47 	
      561	           33 	
      562	           37 	
      563	           33 	
      564	           39 	
      565	           36 	
      566	           35 	
      567	           39 	
      568	           31 	
      569	           31 	
      570	           40 	
      571	           58 	
      572	           36 	
      573	           46 	
      574	           41 	
      575	           39 	
      576	           29 	
      577	           30 	
      578	           43 	
      579	           37 	
      580	           43 	
      581	           44 	
      582	           38 	
      583	           33 	
      584	           41 	
      585	           39 	
      586	           32 	
      587	           42 	
      588	           38 	
      589	           46 	
      590	           33 	
      591	           42 	
      592	           44 	
      593	           44 	
      594	           38 	
      595	           33 	
      596	           35 	
      597	           31 	
      598	           46 	
      599	           44 	
      600	           37 	
      601	           35 	
      602	           32 	
      603	           33 	
      604	           31 	
      605	           42 	
      606	           38 	
      607	           49 	
      608	           34 	
      609	           45 	
      610	           45 	
      611	           43 	
      612	           44 	
      613	           36 	
      614	           47 	
      615	           41 	
      616	           46 	
      617	           43 	
      618	           30 	
      619	           32 	
      620	           41 	
      621	           30 	
      622	           39 	
      623	           47 	
      624	           42 	
      625	           36 	
      626	           32 	
      627	           40 	
      628	           36 	
      629	           35 	
      630	           37 	
      631	           41 	
      632	           41 	
      633	           48 	
      634	           50 	
      635	           34 	
      636	           51 	
      637	           27 	
      638	           35 	
      639	           41 	
      640	           38 	
      641	           39 	
      642	           37 	
      643	           45 	
      644	           40 	
      645	           38 	
      646	           44 	
      647	           40 	
      648	           23 	
      649	           45 	
      650	           24 	
      651	           41 	
      652	           28 	
      653	           36 	
      654	           50 	
      655	           39 	
      656	           43 	
      657	           19 	
      658	           37 	
      659	           35 	
      660	           32 	
      661	           40 	
      662	           33 	
      663	           37 	
      664	           37 	
      665	           29 	
      666	           42 	
      667	           41 	
      668	           46 	
      669	           42 	
      670	           44 	
      671	           31 	
      672	           38 	
      673	           45 	
      674	           49 	
      675	           35 	
      676	           32 	
      677	           39 	
      678	           42 	
      679	           33 	
      680	           36 	
      681	           43 	
      682	           34 	
      683	           32 	
      684	           51 	
      685	           46 	
      686	           37 	
      687	           36 	
      688	           22 	
      689	           36 	
      690	           49 	
      691	           32 	
      692	           35 	
      693	           33 	
      694	           36 	
      695	           27 	
      696	           33 	
      697	           54 	
      698	           38 	
      699	           36 	
      700	           31 	
      701	           34 	
      702	           32 	
      703	           31 	
      704	           41 	
      705	           43 	
      706	           48 	
      707	           40 	
      708	           31 	
      709	           36 	
      710	           43 	
      711	           45 	
      712	           44 	
      713	           38 	
      714	           48 	
      715	           37 	
      716	           49 	
      717	           27 	
      718	           43 	
      719	           40 	
      720	           32 	
      721	           44 	
      722	           43 	
      723	           36 	
      724	           37 	
      725	           42 	
      726	           34 	
      727	           49 	
      728	           43 	
      729	           42 	
      730	           36 	
      731	           41 	
      732	           33 	
      733	           40 	
      734	           48 	
      735	           38 	
      736	           31 	
      737	           40 	
      738	           36 	
      739	           38 	
      740	           46 	
      741	           37 	
      742	           34 	
      743	           52 	
      744	           45 	
      745	           44 	
      746	           36 	
      747	           34 	
      748	           47 	
      749	           34 	
      750	           40 	
      751	           41 	
      752	           43 	
      753	           39 	
      754	           54 	
      755	           40 	
      756	           40 	
      757	           49 	
      758	           30 	
      759	           35 	
      760	           46 	
      761	           52 	
      762	           42 	
      763	           31 	
      764	           47 	
      765	           50 	
      766	           35 	
      767	           40 	
      768	           35 	
      769	           38 	
      770	           49 	
      771	           46 	
      772	           28 	
      773	           43 	
      774	           37 	
      775	           32 	
      776	           42 	
      777	           39 	
      778	           51 	
      779	           56 	
      780	           30 	
      781	           42 	
      782	           46 	
      783	           32 	
      784	           43 	
      785	           63 	
      786	           31 	
      787	           38 	
      788	           37 	
      789	           33 	
      790	           38 	
      791	           37 	
      792	           45 	
      793	           31 	
      794	           48 	
      795	           22 	
      796	           45 	
      797	           45 	
      798	           44 	
      799	           38 	
      800	           45 	
      801	           33 	
      802	           33 	
      803	           36 	
      804	           38 	
      805	           48 	
      806	           33 	
      807	           31 	
      808	           35 	
      809	           37 	
      810	           31 	
      811	           34 	
      812	           39 	
      813	           31 	
      814	           23 	
      815	           31 	
      816	           44 	
      817	           43 	
      818	           47 	
      819	           34 	
      820	           47 	
      821	           40 	
      822	           47 	
      823	           40 	
      824	           44 	
      825	           44 	
      826	           43 	
      827	           54 	
      828	           46 	
      829	           43 	
      830	           31 	
      831	           39 	
      832	           33 	
      833	           36 	
      834	           51 	
      835	           39 	
      836	           34 	
      837	           40 	
      838	           39 	
      839	           37 	
      840	           45 	
      841	           45 	
      842	           37 	
      843	           41 	
      844	           38 	
      845	           36 	
      846	           30 	
      847	           39 	
      848	           49 	
      849	           44 	
      850	           46 	
      851	           42 	
      852	           27 	
      853	           36 	
      854	           52 	
      855	           42 	
      856	           47 	
      857	           49 	
      858	           45 	
      859	           48 	
      860	           46 	
      861	           43 	
      862	           35 	
      863	           43 	
      864	           52 	
      865	           32 	
      866	           57 	
      867	           42 	
      868	           45 	
      869	           33 	
      870	           36 	
      871	           35 	
      872	           28 	
      873	           41 	
      874	           41 	
      875	           39 	
      876	           46 	
      877	           35 	
      878	           45 	
      879	           52 	
      880	           49 	
      881	           33 	
      882	           40 	
      883	           36 	
      884	           48 	
      885	           38 	
      886	           45 	
      887	           48 	
      888	           30 	
      889	           51 	
      890	           31 	
      891	           42 	
      892	           38 	
      893	           44 	
      894	           34 	
      895	           39 	
      896	           41 	
      897	           31 	
      898	           42 	
      899	           44 	
      900	           41 	
      901	           41 	
      902	           44 	
      903	           37 	
      904	           33 	
      905	           44 	
      906	           52 	
      907	           36 	
      908	           25 	
      909	           48 	
      910	           37 	
      911	           36 	
      912	           37 	
      913	           45 	
      914	           58 	
      915	           32 	
      916	           35 	
      917	           31 	
      918	           29 	
      919	           39 	
      920	           39 	
      921	           32 	
      922	           40 	
      923	           37 	
      924	           37 	
      925	           52 	
      926	           33 	
      927	           42 	
      928	           41 	
      929	           38 	
      930	           41 	
      931	           44 	
      932	           39 	
      933	           37 	
      934	           41 	
      935	           38 	
      936	           36 	
      937	           39 	
      938	           42 	
      939	           49 	
      940	           39 	
      941	           38 	
      942	           35 	
      943	           42 	
      944	           40 	
      945	           35 	
      946	           33 	
      947	           42 	
      948	           27 	
      949	           37 	
      950	           43 	
      951	           39 	
      952	           45 	
      953	           41 	
      954	           43 	
      955	           40 	
      956	           33 	
      957	           47 	
      958	           42 	
      959	           40 	
      960	           42 	
      961	           40 	
      962	           46 	
      963	           34 	
      964	           42 	
      965	           35 	
      966	           39 	
      967	           37 	
      968	           38 	
      969	           44 	
      970	           33 	
      971	           39 	
      972	           44 	
      973	           41 	
      974	           36 	
      975	           30 	
      976	           41 	
      977	           40 	
      978	           44 	
      979	           38 	
      980	           34 	
      981	           39 	
      982	           41 	
      983	           39 	
      984	           31 	
      985	           45 	
      986	           42 	
      987	           43 	
      988	           47 	
      989	           29 	
      990	           48 	
      991	           32 	
      992	           36 	
      993	           20 	
      994	           45 	
      995	           40 	
      996	           50 	
      997	           40 	
      998	           39 	
      999	           45 	
     1000	           37 	
     1001	           34 	
     1002	           39 	
     1003	           34 	
     1004	           49 	
     1005	           39 	
     1006	           43 	
     1007	           48 	
     1008	           40 	
     1009	           52 	
     1010	           36 	
     1011	           27 	
     1012	           31 	
     1013	           35 	
     1014	           23 	
     1015	           39 	
     1016	           45 	
     1017	           40 	
     1018	           49 	
     1019	           37 	
     1020	           47 	
     1021	           42 	
     1022	           35 	
     1023	           36 	
     1024	           31 	
     1025	           34 	
     1026	           39 	
     1027	           48 	
     1028	           41 	
     1029	           43 	
     1030	           50 	
     1031	           47 	
     1032	           36 	
     1033	           38 	
     1034	           39 	
     1035	           40 	
     1036	           45 	
     1037	           43 	
     1038	           42 	
     1039	           33 	
     1040	           42 	
     1041	           37 	
     1042	           34 	
     1043	           34 	
     1044	           51 	
     1045	           38 	
     1046	           41 	
     1047	           42 	
     1048	           35 	
     1049	           42 	
     1050	           43 	
     1051	           41 	
     1052	           37 	
     1053	           41 	
     1054	           35 	
     1055	           55 	
     1056	           43 	
     1057	           40 	
     1058	           46 	
     1059	           38 	
     1060	           43 	
     1061	           37 	
     1062	           45 	
     1063	           35 	
     1064	           36 	
     1065	           38 	
     1066	           49 	
     1067	           33 	
     1068	           39 	
     1069	           51 	
     1070	           36 	
     1071	           37 	
     1072	           48 	
     1073	           44 	
     1074	           39 	
     1075	           38 	
     1076	           38 	
     1077	           35 	
     1078	           39 	
     1079	           45 	
     1080	           48 	
     1081	           37 	
     1082	           40 	
     1083	           36 	
     1084	           40 	
     1085	           33 	
     1086	           40 	
     1087	           47 	
     1088	           42 	
     1089	           36 	
     1090	           43 	
     1091	           39 	
     1092	           50 	
     1093	           24 	
     1094	           45 	
     1095	           41 	
     1096	           35 	
     1097	           39 	
     1098	           44 	
     1099	           38 	
     1100	           37 	
     1101	           35 	
     1102	           35 	
     1103	           46 	
     1104	           46 	
     1105	           37 	
     1106	           46 	
     1107	           45 	
     1108	           45 	
     1109	           35 	
     1110	           35 	
     1111	           43 	
     1112	           45 	
     1113	           57 	
     1114	           36 	
     1115	           31 	
     1116	           47 	
     1117	           41 	
     1118	           47 	
     1119	           48 	
     1120	           33 	
     1121	           46 	
     1122	           34 	
     1123	           37 	
     1124	           38 	
     1125	           40 	
     1126	           46 	
     1127	           44 	
     1128	           34 	
     1129	           44 	
     1130	           42 	
     1131	           33 	
     1132	           39 	
     1133	           43 	
     1134	           37 	
     1135	           46 	
     1136	           42 	
     1137	           45 	
     1138	           50 	
     1139	           41 	
     1140	           38 	
     1141	           50 	
     1142	           40 	
     1143	           44 	
     1144	           53 	
     1145	           52 	
     1146	           31 	
     1147	           53 	
     1148	           47 	
     1149	           41 	
     1150	           36 	
     1151	           32 	
     1152	           40 	
     1153	           34 	
     1154	           46 	
     1155	           41 	
     1156	           44 	
     1157	           36 	
     1158	           50 	
     1159	           31 	
     1160	           46 	
     1161	           37 	
     1162	           38 	
     1163	           34 	
     1164	           37 	
     1165	           39 	
     1166	           42 	
     1167	           42 	
     1168	           31 	
     1169	           29 	
     1170	           55 	
     1171	           46 	
     1172	           43 	
     1173	           41 	
     1174	           47 	
     1175	           38 	
     1176	           49 	
     1177	           40 	
     1178	           46 	
     1179	           42 	
     1180	           46 	
     1181	           50 	
     1182	           46 	
     1183	           36 	
     1184	           32 	
     1185	           29 	
     1186	           44 	
     1187	           38 	
     1188	           35 	
     1189	           29 	
     1190	           46 	
     1191	           38 	
     1192	           52 	
     1193	           53 	
     1194	           36 	
     1195	           47 	
     1196	           46 	
     1197	           46 	
     1198	           40 	
     1199	           37 	
     1200	           40 	
     1201	           49 	
     1202	           44 	
     1203	           31 	
     1204	           36 	
     1205	           31 	
     1206	           33 	
     1207	           42 	
     1208	           40 	
     1209	           42 	
     1210	           38 	
     1211	           38 	
     1212	           33 	
     1213	           37 	
     1214	           47 	
     1215	           38 	
     1216	           36 	
     1217	           32 	
     1218	           43 	
     1219	           48 	
     1220	           33 	
     1221	           37 	
     1222	           46 	
     1223	           41 	
     1224	           34 	
     1225	           37 	
     1226	           56 	
     1227	           39 	
     1228	           41 	
     1229	           51 	
     1230	           46 	
     1231	           38 	
     1232	           52 	
     1233	           37 	
     1234	           46 	
     1235	           42 	
     1236	           38 	
     1237	           32 	
     1238	           49 	
     1239	           44 	
     1240	           34 	
     1241	           36 	
     1242	           34 	
     1243	           34 	
     1244	           40 	
     1245	           35 	
     1246	           54 	
     1247	           37 	
     1248	           28 	
     1249	           41 	
     1250	           35 	
     1251	           47 	
     1252	           34 	
     1253	           38 	
     1254	           57 	
     1255	           41 	
     1256	           45 	
     1257	           45 	
     1258	           39 	
     1259	           40 	
     1260	           42 	
     1261	           46 	
     1262	           43 	
     1263	           40 	
     1264	           29 	
     1265	           43 	
     1266	           41 	
     1267	           33 	
     1268	           36 	
     1269	           36 	
     1270	           46 	
     1271	           34 	
     1272	           37 	
     1273	           35 	
     1274	           43 	
     1275	           46 	
     1276	           46 	
     1277	           53 	
     1278	           53 	
     1279	           33 	
     1280	           29 	
     1281	           53 	
     1282	           44 	
     1283	           43 	
     1284	           38 	
     1285	           45 	
     1286	           49 	
     1287	           38 	
     1288	           40 	
     1289	           31 	
     1290	           37 	
     1291	           53 	
     1292	           52 	
     1293	           36 	
     1294	           42 	
     1295	           40 	
     1296	           36 	
     1297	           52 	
     1298	           40 	
     1299	           47 	
     1300	           45 	
     1301	           42 	
     1302	           40 	
     1303	           42 	
     1304	           36 	
     1305	           28 	
     1306	           41 	
     1307	           43 	
     1308	           49 	
     1309	           58 	
     1310	           29 	
     1311	           33 	
     1312	           28 	
     1313	           34 	
     1314	           43 	
     1315	           49 	
     1316	           45 	
     1317	           42 	
     1318	           37 	
     1319	           39 	
     1320	           36 	
     1321	           47 	
     1322	           37 	
     1323	           37 	
     1324	           47 	
     1325	           33 	
     1326	           52 	
     1327	           31 	
     1328	           49 	
     1329	           36 	
     1330	           42 	
     1331	           32 	
     1332	           44 	
     1333	           36 	
     1334	           55 	
     1335	           40 	
     1336	           58 	
     1337	           42 	
     1338	           44 	
     1339	           42 	
     1340	           41 	
     1341	           40 	
     1342	           41 	
     1343	           33 	
     1344	           32 	
     1345	           39 	
     1346	           31 	
     1347	           42 	
     1348	           36 	
     1349	           44 	
     1350	           51 	
     1351	           41 	
     1352	           38 	
     1353	           31 	
     1354	           26 	
     1355	           41 	
     1356	           40 	
     1357	           36 	
     1358	           46 	
     1359	           43 	
     1360	           63 	
     1361	           38 	
     1362	           35 	
     1363	           38 	
     1364	           28 	
     1365	           42 	
     1366	           44 	
     1367	           56 	
     1368	           40 	
     1369	           46 	
     1370	           46 	
     1371	           42 	
     1372	           39 	
     1373	           33 	
     1374	           33 	
     1375	           21 	
     1376	           36 	
     1377	           46 	
     1378	           33 	
     1379	           36 	
     1380	           41 	
     1381	           42 	
     1382	           30 	
     1383	           45 	
     1384	           40 	
     1385	           30 	
     1386	           40 	
     1387	           39 	
     1388	           34 	
     1389	           39 	
     1390	           42 	
     1391	           28 	
     1392	           31 	
     1393	           41 	
     1394	           37 	
     1395	           23 	
     1396	           52 	
     1397	           34 	
     1398	           33 	
     1399	           34 	
     1400	           36 	
     1401	           43 	
     1402	           40 	
     1403	           47 	
     1404	           42 	
     1405	           35 	
     1406	           36 	
     1407	           41 	
     1408	           38 	
     1409	           41 	
     1410	           38 	
     1411	           49 	
     1412	           51 	
     1413	           41 	
     1414	           41 	
     1415	           45 	
     1416	           35 	
     1417	           36 	
     1418	           51 	
     1419	           39 	
     1420	           41 	
     1421	           43 	
     1422	           52 	
     1423	           46 	
     1424	           47 	
     1425	           34 	
     1426	           37 	
     1427	           43 	
     1428	           40 	
     1429	           34 	
     1430	           39 	
     1431	           42 	
     1432	           41 	
     1433	           43 	
     1434	           42 	
     1435	           50 	
     1436	           37 	
     1437	           41 	
     1438	           42 	
     1439	           36 	
     1440	           41 	
     1441	           50 	
     1442	           29 	
     1443	           51 	
     1444	           39 	
     1445	           52 	
     1446	           37 	
     1447	           40 	
     1448	           35 	
     1449	           28 	
     1450	           45 	
     1451	           48 	
     1452	           58 	
     1453	           38 	
     1454	           40 	
     1455	           34 	
     1456	           38 	
     1457	           36 	
     1458	           46 	
     1459	           44 	
     1460	           48 	
     1461	           35 	
     1462	           46 	
     1463	           47 	
     1464	           34 	
     1465	           42 	
     1466	           39 	
     1467	           30 	
     1468	           27 	
     1469	           34 	
     1470	           46 	
     1471	           24 	
     1472	           36 	
     1473	           39 	
     1474	           34 	
     1475	           40 	
     1476	           36 	
     1477	           47 	
     1478	           39 	
     1479	           27 	
     1480	           36 	
     1481	           49 	
     1482	           38 	
     1483	           47 	
     1484	           38 	
     1485	           36 	
     1486	           49 	
     1487	           28 	
     1488	           42 	
     1489	           43 	
     1490	           34 	
     1491	           46 	
     1492	           32 	
     1493	           47 	
     1494	           43 	
     1495	           32 	
     1496	           36 	
     1497	           43 	
     1498	           38 	
     1499	           51 	
     1500	           44 	
     1501	           44 	
     1502	           35 	
     1503	           40 	
     1504	           41 	
     1505	           41 	
     1506	           40 	
     1507	           38 	
     1508	           38 	
     1509	           39 	
     1510	           30 	
     1511	           35 	
     1512	           35 	
     1513	           46 	
     1514	           39 	
     1515	           35 	
     1516	           39 	
     1517	           39 	
     1518	           34 	
     1519	           32 	
     1520	           40 	
     1521	           41 	
     1522	           50 	
     1523	           44 	
     1524	           35 	
     1525	           29 	
     1526	           36 	
     1527	           39 	
     1528	           48 	
     1529	           35 	
     1530	           36 	
     1531	           29 	
     1532	           43 	
     1533	           36 	
     1534	           35 	
     1535	           35 	
     1536	           47 	
     1537	           46 	
     1538	           27 	
     1539	           48 	
     1540	           31 	
     1541	           38 	
     1542	           47 	
     1543	           34 	
     1544	           56 	
     1545	           36 	
     1546	           45 	
     1547	           45 	
     1548	           42 	
     1549	           56 	
     1550	           37 	
     1551	           42 	
     1552	           49 	
     1553	           51 	
     1554	           37 	
     1555	           48 	
     1556	           49 	
     1557	           37 	
     1558	           31 	
     1559	           47 	
     1560	           36 	
     1561	           40 	
     1562	           47 	
     1563	           47 	
     1564	           54 	
     1565	           37 	
     1566	           37 	
     1567	           43 	
     1568	           37 	
     1569	           33 	
     1570	           37 	
     1571	           46 	
     1572	           38 	
     1573	           38 	
     1574	           35 	
     1575	           36 	
     1576	           47 	
     1577	           30 	
     1578	           45 	
     1579	           30 	
     1580	           44 	
     1581	           35 	
     1582	           32 	
     1583	           52 	
     1584	           38 	
     1585	           47 	
     1586	           43 	
     1587	           46 	
     1588	           45 	
     1589	           34 	
     1590	           31 	
     1591	           35 	
     1592	           44 	
     1593	           44 	
     1594	           56 	
     1595	           36 	
     1596	           39 	
     1597	           51 	
     1598	           49 	
     1599	           36 	
     1600	           36 	
     1601	           34 	
     1602	           28 	
     1603	           57 	
     1604	           45 	
     1605	           37 	
     1606	           42 	
     1607	           36 	
     1608	           40 	
     1609	           53 	
     1610	           43 	
     1611	           40 	
     1612	           31 	
     1613	           49 	
     1614	           45 	
     1615	           43 	
     1616	           33 	
     1617	           34 	
     1618	           44 	
     1619	           40 	
     1620	           35 	
     1621	           37 	
     1622	           40 	
     1623	           41 	
     1624	           45 	
     1625	           38 	
     1626	           33 	
     1627	           38 	
     1628	           24 	
     1629	           32 	
     1630	           43 	
     1631	           47 	
     1632	           49 	
     1633	           47 	
     1634	           46 	
     1635	           39 	
     1636	           36 	
     1637	           35 	
     1638	           40 	
     1639	           41 	
     1640	           38 	
     1641	           46 	
     1642	           32 	
     1643	           45 	
     1644	           36 	
     1645	           43 	
     1646	           32 	
     1647	           55 	
     1648	           42 	
     1649	           38 	
     1650	           32 	
     1651	           44 	
     1652	           39 	
     1653	           34 	
     1654	           47 	
     1655	           43 	
     1656	           34 	
     1657	           34 	
     1658	           50 	
     1659	           51 	
     1660	           39 	
     1661	           39 	
     1662	           32 	
     1663	           37 	
     1664	           44 	
     1665	           46 	
     1666	           44 	
     1667	           46 	
     1668	           46 	
     1669	           34 	
     1670	           35 	
     1671	           41 	
     1672	           41 	
     1673	           52 	
     1674	           37 	
     1675	           54 	
     1676	           40 	
     1677	           52 	
     1678	           44 	
     1679	           34 	
     1680	           36 	
     1681	           37 	
     1682	           48 	
     1683	           43 	
     1684	           35 	
     1685	           41 	
     1686	           42 	
     1687	           42 	
     1688	           39 	
     1689	           41 	
     1690	           38 	
     1691	           50 	
     1692	           32 	
     1693	           39 	
     1694	           49 	
     1695	           41 	
     1696	           31 	
     1697	           52 	
     1698	           43 	
     1699	           49 	
     1700	           41 	
     1701	           44 	
     1702	           39 	
     1703	           40 	
     1704	           35 	
     1705	           39 	
     1706	           36 	
     1707	           39 	
     1708	           49 	
     1709	           45 	
     1710	           35 	
     1711	           30 	
     1712	           44 	
     1713	           42 	
     1714	           44 	
     1715	           33 	
     1716	           50 	
     1717	           35 	
     1718	           49 	
     1719	           49 	
     1720	           46 	
     1721	           33 	
     1722	           41 	
     1723	           40 	
     1724	           46 	
     1725	           42 	
     1726	           47 	
     1727	           28 	
     1728	           43 	
     1729	           35 	
     1730	           47 	
     1731	           37 	
     1732	           38 	
     1733	           49 	
     1734	           35 	
     1735	           48 	
     1736	           45 	
     1737	           33 	
     1738	           41 	
     1739	           35 	
     1740	           39 	
     1741	           43 	
     1742	           37 	
     1743	           29 	
     1744	           43 	
     1745	           45 	
     1746	           40 	
     1747	           41 	
     1748	           35 	
     1749	           27 	
     1750	           35 	
     1751	           31 	
     1752	           48 	
     1753	           41 	
     1754	           44 	
     1755	           41 	
     1756	           37 	
     1757	           41 	
     1758	           41 	
     1759	           42 	
     1760	           44 	
     1761	           36 	
     1762	           42 	
     1763	           31 	
     1764	           31 	
     1765	           49 	
     1766	           35 	
     1767	           47 	
     1768	           41 	
     1769	           38 	
     1770	           48 	
     1771	           41 	
     1772	           43 	
     1773	           49 	
     1774	           30 	
     1775	           50 	
     1776	           46 	
     1777	           44 	
     1778	           38 	
     1779	           38 	
     1780	           38 	
     1781	           41 	
     1782	           38 	
     1783	           31 	
     1784	           46 	
     1785	           42 	
     1786	           36 	
     1787	           32 	
     1788	           30 	
     1789	           21 	
     1790	           43 	
     1791	           32 	
     1792	           43 	
     1793	           40 	
     1794	           47 	
     1795	           52 	
     1796	           49 	
     1797	           37 	
     1798	           42 	
     1799	           48 	
     1800	           36 	
     1801	           34 	
     1802	           30 	
     1803	           43 	
     1804	           47 	
     1805	           41 	
     1806	           34 	
     1807	           38 	
     1808	           43 	
     1809	           38 	
     1810	           38 	
     1811	           49 	
     1812	           47 	
     1813	           42 	
     1814	           33 	
     1815	           50 	
     1816	           41 	
     1817	           41 	
     1818	           43 	
     1819	           38 	
     1820	           59 	
     1821	           42 	
     1822	           31 	
     1823	           42 	
     1824	           37 	
     1825	           40 	
     1826	           44 	
     1827	           33 	
     1828	           34 	
     1829	           45 	
     1830	           34 	
     1831	           50 	
     1832	           37 	
     1833	           40 	
     1834	           40 	
     1835	           34 	
     1836	           33 	
     1837	           52 	
     1838	           49 	
     1839	           51 	
     1840	           34 	
     1841	           43 	
     1842	           35 	
     1843	           36 	
     1844	           45 	
     1845	           47 	
     1846	           46 	
     1847	           34 	
     1848	           49 	
     1849	           39 	
     1850	           46 	
     1851	           48 	
     1852	           47 	
     1853	           36 	
     1854	           37 	
     1855	           43 	
     1856	           36 	
     1857	           35 	
     1858	           25 	
     1859	           41 	
     1860	           28 	
     1861	           46 	
     1862	           46 	
     1863	           41 	
     1864	           46 	
     1865	           41 	
     1866	           44 	
     1867	           45 	
     1868	           37 	
     1869	           37 	
     1870	           43 	
     1871	           35 	
     1872	           34 	
     1873	           34 	
     1874	           32 	
     1875	           32 	
     1876	           40 	
     1877	           38 	
     1878	           43 	
     1879	           37 	
     1880	           31 	
     1881	           47 	
     1882	           33 	
     1883	           46 	
     1884	           50 	
     1885	           36 	
     1886	           53 	
     1887	           44 	
     1888	           42 	
     1889	           47 	
     1890	           50 	
     1891	           36 	
     1892	           36 	
     1893	           38 	
     1894	           31 	
     1895	           37 	
     1896	           35 	
     1897	           33 	
     1898	           41 	
     1899	           44 	
     1900	           44 	
     1901	           42 	
     1902	           29 	
     1903	           36 	
     1904	           38 	
     1905	           43 	
     1906	           38 	
     1907	           38 	
     1908	           48 	
     1909	           43 	
     1910	           47 	
     1911	           39 	
     1912	           39 	
     1913	           33 	
     1914	           41 	
     1915	           33 	
     1916	           46 	
     1917	           41 	
     1918	           54 	
     1919	           44 	
     1920	           36 	
     1921	           47 	
     1922	           36 	
     1923	           57 	
     1924	           51 	
     1925	           35 	
     1926	           37 	
     1927	           43 	
     1928	           41 	
     1929	           35 	
     1930	           43 	
     1931	           45 	
     1932	           52 	
     1933	           44 	
     1934	           41 	
     1935	           50 	
     1936	           43 	
     1937	           37 	
     1938	           39 	
     1939	           36 	
     1940	           49 	
     1941	           42 	
     1942	           53 	
     1943	           41 	
     1944	           39 	
     1945	           40 	
     1946	           43 	
     1947	           34 	
     1948	           36 	
     1949	           44 	
     1950	           42 	
     1951	           35 	
     1952	           44 	
     1953	           49 	
     1954	           42 	
     1955	           43 	
     1956	           53 	
     1957	           34 	
     1958	           45 	
     1959	           37 	
     1960	           46 	
     1961	           36 	
     1962	           43 	
     1963	           40 	
     1964	           41 	
     1965	           48 	
     1966	           39 	
     1967	           45 	
     1968	           47 	
     1969	           48 	
     1970	           30 	
     1971	           40 	
     1972	           34 	
     1973	           55 	
     1974	           48 	
     1975	           45 	
     1976	           46 	
     1977	           37 	
     1978	           47 	
     1979	           39 	
     1980	           44 	
     1981	           45 	
     1982	           36 	
     1983	           53 	
     1984	           44 	
     1985	           39 	
     1986	           39 	
     1987	           48 	
     1988	           47 	
     1989	           37 	
     1990	           51 	
     1991	           45 	
     1992	           41 	
     1993	           48 	
     1994	           41 	
     1995	           33 	
     1996	           39 	
     1997	           41 	
     1998	           39 	
     1999	           48 	
     2000	           39 	
