Thorlabs Single Photon Counter Data Export

Date (YYYY-MM-DD):	2025-09-12
Time (HH:MM:SS):	23:19:05
Device Name:	SPCM50A
Serial Number:	M00296614
GUI Revision:	1.0 Build 23
Driver Revision:	1.1.0
Firmware Revision:	1.0.0

Application settings:
Operating Mode:	Free Running Timed Counter
Bin Length [ms]:	1
Time between Bins [ms]:	0.001
Pulse Blind Time [ns]:	0
Trigger Edge:	non-applicable
Array Measurement:	Yes
Array Measurement Continuously:	No
Bins per Array:	2000
Active APD Gating:	No
Fan Off:	No

Bin Number 	Counts per Bin 	Remarks
        1	           27 	
        2	           27 	
        3	           28 	
        4	           29 	
        5	           27 	
        6	           31 	
        7	           21 	
        8	           36 	
        9	           32 	
       10	           20 	
       11	           26 	
       12	           25 	
       13	           34 	
       14	           40 	
       15	           24 	
       16	           25 	
       17	           34 	
       18	           25 	
       19	           25 	
       20	           34 	
       21	           31 	
       22	           33 	
       23	           26 	
       24	           21 	
       25	           33 	
       26	           36 	
       27	           27 	
       28	           33 	
       29	           35 	
       30	           23 	
       31	           39 	
       32	           36 	
       33	           31 	
       34	           42 	
       35	           29 	
       36	           25 	
       37	           37 	
       38	           29 	
       39	           36 	
       40	           27 	
       41	           23 	
       42	           27 	
       43	           31 	
       44	           36 	
       45	           34 	
       46	           32 	
       47	           25 	
       48	           32 	
       49	           23 	
       50	           36 	
       51	           27 	
       52	           32 	
       53	           34 	
       54	           30 	
       55	           26 	
       56	           37 	
       57	           23 	
       58	           29 	
       59	           29 	
       60	           40 	
       61	           38 	
       62	           43 	
       63	           29 	
       64	           37 	
       65	           32 	
       66	           28 	
       67	           23 	
       68	           35 	
       69	           27 	
       70	           28 	
       71	           33 	
       72	           31 	
       73	           30 	
       74	           27 	
       75	           20 	
       76	           31 	
       77	           30 	
       78	           37 	
       79	           24 	
       80	           31 	
       81	           22 	
       82	           20 	
       83	           26 	
       84	           26 	
       85	           34 	
       86	           22 	
       87	           28 	
       88	           22 	
       89	           23 	
       90	           23 	
       91	           30 	
       92	           27 	
       93	           33 	
       94	           41 	
       95	           23 	
       96	           29 	
       97	           31 	
       98	           26 	
       99	           24 	
      100	           26 	
      101	           34 	
      102	           23 	
      103	           32 	
      104	           44 	
      105	           32 	
      106	           32 	
      107	           28 	
      108	           30 	
      109	           29 	
      110	           33 	
      111	           37 	
      112	           39 	
      113	           23 	
      114	           29 	
      115	           30 	
      116	           33 	
      117	           37 	
      118	           25 	
      119	           33 	
      120	           35 	
      121	           30 	
      122	           27 	
      123	           30 	
      124	           29 	
      125	           27 	
      126	           27 	
      127	           29 	
      128	           32 	
      129	           29 	
      130	           36 	
      131	           41 	
      132	           36 	
      133	           35 	
      134	           35 	
      135	           27 	
      136	           23 	
      137	           43 	
      138	           31 	
      139	           33 	
      140	           32 	
      141	           20 	
      142	           28 	
      143	           32 	
      144	           28 	
      145	           32 	
      146	           29 	
      147	           27 	
      148	           36 	
      149	           27 	
      150	           32 	
      151	           32 	
      152	           28 	
      153	           27 	
      154	           30 	
      155	           31 	
      156	           24 	
      157	           23 	
      158	           31 	
      159	           19 	
      160	           34 	
      161	           30 	
      162	           29 	
      163	           32 	
      164	           32 	
      165	           26 	
      166	           37 	
      167	           27 	
      168	           35 	
      169	           26 	
      170	           35 	
      171	           38 	
      172	           31 	
      173	           19 	
      174	           39 	
      175	           39 	
      176	           37 	
      177	           38 	
      178	           28 	
      179	           25 	
      180	           28 	
      181	           27 	
      182	           28 	
      183	           29 	
      184	           30 	
      185	           23 	
      186	           19 	
      187	           21 	
      188	           22 	
      189	           38 	
      190	           28 	
      191	           42 	
      192	           28 	
      193	           30 	
      194	           23 	
      195	           21 	
      196	           30 	
      197	           23 	
      198	           27 	
      199	           31 	
      200	           33 	
      201	           29 	
      202	           17 	
      203	           32 	
      204	           29 	
      205	           34 	
      206	           28 	
      207	           39 	
      208	           30 	
      209	           36 	
      210	           29 	
      211	           41 	
      212	           35 	
      213	           24 	
      214	           29 	
      215	           33 	
      216	           35 	
      217	           33 	
      218	           45 	
      219	           28 	
      220	           39 	
      221	           29 	
      222	           28 	
      223	           34 	
      224	           29 	
      225	           27 	
      226	           32 	
      227	           18 	
      228	           32 	
      229	           35 	
      230	           28 	
      231	           29 	
      232	           24 	
      233	           27 	
      234	           28 	
      235	           27 	
      236	           38 	
      237	           30 	
      238	           30 	
      239	           35 	
      240	           26 	
      241	           36 	
      242	           32 	
      243	           35 	
      244	           24 	
      245	           22 	
      246	           38 	
      247	           34 	
      248	           29 	
      249	           26 	
      250	           23 	
      251	           35 	
      252	           30 	
      253	           41 	
      254	           26 	
      255	           19 	
      256	           36 	
      257	           35 	
      258	           35 	
      259	           37 	
      260	           29 	
      261	           21 	
      262	           31 	
      263	           27 	
      264	           26 	
      265	           38 	
      266	           29 	
      267	           33 	
      268	           28 	
      269	           36 	
      270	           28 	
      271	           29 	
      272	           28 	
      273	           28 	
      274	           35 	
      275	           18 	
      276	           42 	
      277	           41 	
      278	           43 	
      279	           31 	
      280	           24 	
      281	           35 	
      282	           35 	
      283	           35 	
      284	           32 	
      285	           28 	
      286	           29 	
      287	           31 	
      288	           35 	
      289	           39 	
      290	           25 	
      291	           28 	
      292	           14 	
      293	           31 	
      294	           30 	
      295	           42 	
      296	           26 	
      297	           25 	
      298	           35 	
      299	           26 	
      300	           33 	
      301	           28 	
      302	           22 	
      303	           30 	
      304	           31 	
      305	           31 	
      306	           32 	
      307	           41 	
      308	           35 	
      309	           42 	
      310	           31 	
      311	           32 	
      312	           30 	
      313	           36 	
      314	           33 	
      315	           27 	
      316	           31 	
      317	           33 	
      318	           29 	
      319	           26 	
      320	           37 	
      321	           30 	
      322	           30 	
      323	           30 	
      324	           34 	
      325	           31 	
      326	           44 	
      327	           23 	
      328	           26 	
      329	           29 	
      330	           34 	
      331	           25 	
      332	           37 	
      333	           31 	
      334	           40 	
      335	           39 	
      336	           26 	
      337	           17 	
      338	           25 	
      339	           27 	
      340	           30 	
      341	           24 	
      342	           29 	
      343	           32 	
      344	           31 	
      345	           31 	
      346	           34 	
      347	           33 	
      348	           32 	
      349	           45 	
      350	           27 	
      351	           32 	
      352	           23 	
      353	           34 	
      354	           30 	
      355	           32 	
      356	           26 	
      357	           32 	
      358	           31 	
      359	           28 	
      360	           27 	
      361	           37 	
      362	           26 	
      363	           29 	
      364	           28 	
      365	           29 	
      366	           30 	
      367	           23 	
      368	           37 	
      369	           35 	
      370	           30 	
      371	           37 	
      372	           33 	
      373	           31 	
      374	           36 	
      375	           35 	
      376	           20 	
      377	           26 	
      378	           31 	
      379	           22 	
      380	           28 	
      381	           30 	
      382	           28 	
      383	           46 	
      384	           46 	
      385	           36 	
      386	           20 	
      387	           42 	
      388	           36 	
      389	           31 	
      390	           24 	
      391	           21 	
      392	           36 	
      393	           32 	
      394	           30 	
      395	           28 	
      396	           35 	
      397	           26 	
      398	           35 	
      399	           28 	
      400	           21 	
      401	           37 	
      402	           25 	
      403	           41 	
      404	           24 	
      405	           36 	
      406	           27 	
      407	           33 	
      408	           36 	
      409	           23 	
      410	           31 	
      411	           21 	
      412	           32 	
      413	           32 	
      414	           30 	
      415	           32 	
      416	           24 	
      417	           29 	
      418	           34 	
      419	           31 	
      420	           37 	
      421	           25 	
      422	           29 	
      423	           28 	
      424	           28 	
      425	           34 	
      426	           38 	
      427	           28 	
      428	           40 	
      429	           19 	
      430	           30 	
      431	           27 	
      432	           27 	
      433	           31 	
      434	           33 	
      435	           38 	
      436	           26 	
      437	           24 	
      438	           33 	
      439	           34 	
      440	           25 	
      441	           27 	
      442	           22 	
      443	           37 	
      444	           29 	
      445	           21 	
      446	           22 	
      447	           26 	
      448	           34 	
      449	           33 	
      450	           35 	
      451	           29 	
      452	           28 	
      453	           32 	
      454	           25 	
      455	           30 	
      456	           29 	
      457	           20 	
      458	           33 	
      459	           30 	
      460	           35 	
      461	           24 	
      462	           25 	
      463	           28 	
      464	           44 	
      465	           34 	
      466	           33 	
      467	           31 	
      468	           21 	
      469	           29 	
      470	           24 	
      471	           30 	
      472	           29 	
      473	           23 	
      474	           37 	
      475	           29 	
      476	           31 	
      477	           30 	
      478	           19 	
      479	           42 	
      480	           30 	
      481	           30 	
      482	           25 	
      483	           23 	
      484	           29 	
      485	           27 	
      486	           35 	
      487	           25 	
      488	           28 	
      489	           27 	
      490	           24 	
      491	           35 	
      492	           32 	
      493	           33 	
      494	           29 	
      495	           34 	
      496	           28 	
      497	           20 	
      498	           30 	
      499	           40 	
      500	           27 	
      501	           31 	
      502	           37 	
      503	           32 	
      504	           31 	
      505	           30 	
      506	           28 	
      507	           21 	
      508	           37 	
      509	           24 	
      510	           29 	
      511	           21 	
      512	           32 	
      513	           27 	
      514	           22 	
      515	           24 	
      516	           20 	
      517	           22 	
      518	           19 	
      519	           38 	
      520	           31 	
      521	           38 	
      522	           33 	
      523	           35 	
      524	           35 	
      525	           28 	
      526	           25 	
      527	           27 	
      528	           30 	
      529	           32 	
      530	           23 	
      531	           34 	
      532	           32 	
      533	           29 	
      534	           35 	
      535	           22 	
      536	           21 	
      537	           20 	
      538	           33 	
      539	           31 	
      540	           38 	
      541	           29 	
      542	           24 	
      543	           39 	
      544	           27 	
      545	           29 	
      546	           23 	
      547	           28 	
      548	           22 	
      549	           27 	
      550	           29 	
      551	           33 	
      552	           30 	
      553	           44 	
      554	           22 	
      555	           34 	
      556	           30 	
      557	           32 	
      558	           23 	
      559	           26 	
      560	           26 	
      561	           22 	
      562	           24 	
      563	           36 	
      564	           27 	
      565	           30 	
      566	           25 	
      567	           21 	
      568	           41 	
      569	           35 	
      570	           34 	
      571	           38 	
      572	           34 	
      573	           29 	
      574	           29 	
      575	           29 	
      576	           32 	
      577	           45 	
      578	           41 	
      579	           32 	
      580	           37 	
      581	           30 	
      582	           29 	
      583	           32 	
      584	           30 	
      585	           29 	
      586	           30 	
      587	           36 	
      588	           28 	
      589	           24 	
      590	           31 	
      591	           33 	
      592	           28 	
      593	           37 	
      594	           32 	
      595	           33 	
      596	           38 	
      597	           24 	
      598	           26 	
      599	           21 	
      600	           32 	
      601	           41 	
      602	           27 	
      603	           36 	
      604	           30 	
      605	           24 	
      606	           24 	
      607	           29 	
      608	           32 	
      609	           27 	
      610	           40 	
      611	           30 	
      612	           34 	
      613	           27 	
      614	           28 	
      615	           28 	
      616	           30 	
      617	           38 	
      618	           28 	
      619	           38 	
      620	           22 	
      621	           30 	
      622	           39 	
      623	           35 	
      624	           31 	
      625	           22 	
      626	           37 	
      627	           32 	
      628	           32 	
      629	           27 	
      630	           34 	
      631	           28 	
      632	           24 	
      633	           31 	
      634	           37 	
      635	           30 	
      636	           32 	
      637	           27 	
      638	           30 	
      639	           22 	
      640	           22 	
      641	           30 	
      642	           34 	
      643	           35 	
      644	           25 	
      645	           43 	
      646	           31 	
      647	           31 	
      648	           40 	
      649	           26 	
      650	           29 	
      651	           38 	
      652	           33 	
      653	           26 	
      654	           29 	
      655	           23 	
      656	           39 	
      657	           28 	
      658	           34 	
      659	           32 	
      660	           23 	
      661	           29 	
      662	           39 	
      663	           40 	
      664	           27 	
      665	           28 	
      666	           33 	
      667	           34 	
      668	           25 	
      669	           27 	
      670	           30 	
      671	           41 	
      672	           32 	
      673	           29 	
      674	           26 	
      675	           34 	
      676	           21 	
      677	           25 	
      678	           21 	
      679	           31 	
      680	           36 	
      681	           22 	
      682	           33 	
      683	           24 	
      684	           36 	
      685	           40 	
      686	           35 	
      687	           19 	
      688	           23 	
      689	           33 	
      690	           34 	
      691	           43 	
      692	           29 	
      693	           35 	
      694	           28 	
      695	           33 	
      696	           23 	
      697	           32 	
      698	           17 	
      699	           32 	
      700	           33 	
      701	           22 	
      702	           25 	
      703	           40 	
      704	           31 	
      705	           29 	
      706	           26 	
      707	           27 	
      708	           31 	
      709	           34 	
      710	           25 	
      711	           29 	
      712	           35 	
      713	           27 	
      714	           25 	
      715	           34 	
      716	           32 	
      717	           34 	
      718	           31 	
      719	           27 	
      720	           28 	
      721	           32 	
      722	           24 	
      723	           28 	
      724	           43 	
      725	           25 	
      726	           36 	
      727	           29 	
      728	           39 	
      729	           20 	
      730	           31 	
      731	           21 	
      732	           26 	
      733	           30 	
      734	           41 	
      735	           23 	
      736	           34 	
      737	           33 	
      738	           34 	
      739	           26 	
      740	           35 	
      741	           34 	
      742	           31 	
      743	           27 	
      744	           27 	
      745	           40 	
      746	           23 	
      747	           28 	
      748	           32 	
      749	           29 	
      750	           36 	
      751	           27 	
      752	           25 	
      753	           31 	
      754	           33 	
      755	           33 	
      756	           20 	
      757	           28 	
      758	           23 	
      759	           26 	
      760	           23 	
      761	           29 	
      762	           37 	
      763	           34 	
      764	           28 	
      765	           36 	
      766	           27 	
      767	           26 	
      768	           26 	
      769	           31 	
      770	           31 	
      771	           27 	
      772	           31 	
      773	           30 	
      774	           33 	
      775	           33 	
      776	           26 	
      777	           23 	
      778	           26 	
      779	           33 	
      780	           35 	
      781	           30 	
      782	           31 	
      783	           26 	
      784	           27 	
      785	           30 	
      786	           19 	
      787	           36 	
      788	           25 	
      789	           27 	
      790	           34 	
      791	           26 	
      792	           25 	
      793	           31 	
      794	           27 	
      795	           30 	
      796	           33 	
      797	           29 	
      798	           24 	
      799	           34 	
      800	           26 	
      801	           24 	
      802	           39 	
      803	           31 	
      804	           25 	
      805	           29 	
      806	           28 	
      807	           29 	
      808	           26 	
      809	           29 	
      810	           36 	
      811	           33 	
      812	           25 	
      813	           24 	
      814	           32 	
      815	           36 	
      816	           33 	
      817	           33 	
      818	           29 	
      819	           27 	
      820	           29 	
      821	           32 	
      822	           34 	
      823	           37 	
      824	           23 	
      825	           25 	
      826	           36 	
      827	           32 	
      828	           17 	
      829	           19 	
      830	           30 	
      831	           28 	
      832	           24 	
      833	           23 	
      834	           29 	
      835	           33 	
      836	           35 	
      837	           44 	
      838	           21 	
      839	           26 	
      840	           33 	
      841	           32 	
      842	           29 	
      843	           38 	
      844	           33 	
      845	           36 	
      846	           27 	
      847	           19 	
      848	           30 	
      849	           32 	
      850	           27 	
      851	           29 	
      852	           38 	
      853	           32 	
      854	           33 	
      855	           29 	
      856	           27 	
      857	           30 	
      858	           28 	
      859	           38 	
      860	           31 	
      861	           35 	
      862	           24 	
      863	           33 	
      864	           27 	
      865	           40 	
      866	           26 	
      867	           31 	
      868	           41 	
      869	           18 	
      870	           28 	
      871	           24 	
      872	           25 	
      873	           37 	
      874	           32 	
      875	           23 	
      876	           39 	
      877	           32 	
      878	           29 	
      879	           32 	
      880	           33 	
      881	           27 	
      882	           32 	
      883	           24 	
      884	           39 	
      885	           19 	
      886	           38 	
      887	           26 	
      888	           31 	
      889	           38 	
      890	           23 	
      891	           30 	
      892	           31 	
      893	           30 	
      894	           29 	
      895	           25 	
      896	           32 	
      897	           37 	
      898	           25 	
      899	           26 	
      900	           34 	
      901	           22 	
      902	           24 	
      903	           37 	
      904	           28 	
      905	           28 	
      906	           37 	
      907	           36 	
      908	           22 	
      909	           21 	
      910	           30 	
      911	           29 	
      912	           33 	
      913	           38 	
      914	           36 	
      915	           31 	
      916	           18 	
      917	           35 	
      918	           30 	
      919	           25 	
      920	           22 	
      921	           26 	
      922	           38 	
      923	           27 	
      924	           30 	
      925	           34 	
      926	           41 	
      927	           34 	
      928	           32 	
      929	           28 	
      930	           27 	
      931	           30 	
      932	           25 	
      933	           36 	
      934	           25 	
      935	           38 	
      936	           27 	
      937	           25 	
      938	           37 	
      939	           40 	
      940	           31 	
      941	           30 	
      942	           31 	
      943	           30 	
      944	           32 	
      945	           29 	
      946	           24 	
      947	           28 	
      948	           31 	
      949	           17 	
      950	           25 	
      951	           23 	
      952	           23 	
      953	           36 	
      954	           28 	
      955	           35 	
      956	           34 	
      957	           30 	
      958	           29 	
      959	           32 	
      960	           20 	
      961	           37 	
      962	           25 	
      963	           32 	
      964	           29 	
      965	           29 	
      966	           37 	
      967	           28 	
      968	           23 	
      969	           25 	
      970	           28 	
      971	           20 	
      972	           29 	
      973	           26 	
      974	           25 	
      975	           27 	
      976	           28 	
      977	           30 	
      978	           28 	
      979	           27 	
      980	           46 	
      981	           28 	
      982	           28 	
      983	           34 	
      984	           28 	
      985	           22 	
      986	           21 	
      987	           29 	
      988	           39 	
      989	           29 	
      990	           48 	
      991	           31 	
      992	           20 	
      993	           23 	
      994	           38 	
      995	           31 	
      996	           25 	
      997	           31 	
      998	           23 	
      999	           40 	
     1000	           24 	
     1001	           31 	
     1002	           28 	
     1003	           32 	
     1004	           33 	
     1005	           28 	
     1006	           30 	
     1007	           32 	
     1008	           27 	
     1009	           34 	
     1010	           23 	
     1011	           36 	
     1012	           24 	
     1013	           30 	
     1014	           41 	
     1015	           24 	
     1016	           39 	
     1017	           34 	
     1018	           28 	
     1019	           23 	
     1020	           21 	
     1021	           28 	
     1022	           30 	
     1023	           28 	
     1024	           42 	
     1025	           32 	
     1026	           30 	
     1027	           32 	
     1028	           29 	
     1029	           34 	
     1030	           33 	
     1031	           34 	
     1032	           33 	
     1033	           29 	
     1034	           34 	
     1035	           35 	
     1036	           41 	
     1037	           36 	
     1038	           26 	
     1039	           29 	
     1040	           37 	
     1041	           33 	
     1042	           27 	
     1043	           24 	
     1044	           22 	
     1045	           30 	
     1046	           31 	
     1047	           38 	
     1048	           30 	
     1049	           27 	
     1050	           34 	
     1051	           34 	
     1052	           34 	
     1053	           21 	
     1054	           37 	
     1055	           28 	
     1056	           40 	
     1057	           30 	
     1058	           24 	
     1059	           23 	
     1060	           22 	
     1061	           30 	
     1062	           29 	
     1063	           27 	
     1064	           25 	
     1065	           26 	
     1066	           28 	
     1067	           26 	
     1068	           34 	
     1069	           27 	
     1070	           30 	
     1071	           27 	
     1072	           35 	
     1073	           32 	
     1074	           39 	
     1075	           32 	
     1076	           36 	
     1077	           28 	
     1078	           25 	
     1079	           29 	
     1080	           25 	
     1081	           41 	
     1082	           41 	
     1083	           29 	
     1084	           34 	
     1085	           41 	
     1086	           30 	
     1087	           39 	
     1088	           32 	
     1089	           27 	
     1090	           36 	
     1091	           23 	
     1092	           34 	
     1093	           23 	
     1094	           35 	
     1095	           21 	
     1096	           34 	
     1097	           37 	
     1098	           33 	
     1099	           40 	
     1100	           18 	
     1101	           23 	
     1102	           35 	
     1103	           35 	
     1104	           33 	
     1105	           30 	
     1106	           29 	
     1107	           26 	
     1108	           34 	
     1109	           32 	
     1110	           24 	
     1111	           33 	
     1112	           29 	
     1113	           36 	
     1114	           37 	
     1115	           36 	
     1116	           36 	
     1117	           31 	
     1118	           32 	
     1119	           24 	
     1120	           30 	
     1121	           33 	
     1122	           28 	
     1123	           36 	
     1124	           18 	
     1125	           33 	
     1126	           34 	
     1127	           33 	
     1128	           25 	
     1129	           24 	
     1130	           33 	
     1131	           46 	
     1132	           30 	
     1133	           34 	
     1134	           30 	
     1135	           28 	
     1136	           26 	
     1137	           28 	
     1138	           26 	
     1139	           23 	
     1140	           43 	
     1141	           31 	
     1142	           31 	
     1143	           34 	
     1144	           20 	
     1145	           27 	
     1146	           30 	
     1147	           28 	
     1148	           38 	
     1149	           30 	
     1150	           12 	
     1151	           42 	
     1152	           26 	
     1153	           27 	
     1154	           34 	
     1155	           29 	
     1156	           38 	
     1157	           25 	
     1158	           37 	
     1159	           31 	
     1160	           29 	
     1161	           33 	
     1162	           26 	
     1163	           33 	
     1164	           22 	
     1165	           35 	
     1166	           35 	
     1167	           45 	
     1168	           40 	
     1169	           28 	
     1170	           33 	
     1171	           37 	
     1172	           27 	
     1173	           35 	
     1174	           32 	
     1175	           30 	
     1176	           35 	
     1177	           31 	
     1178	           27 	
     1179	           35 	
     1180	           37 	
     1181	           24 	
     1182	           20 	
     1183	           33 	
     1184	           19 	
     1185	           31 	
     1186	           27 	
     1187	           33 	
     1188	           27 	
     1189	           32 	
     1190	           33 	
     1191	           21 	
     1192	           34 	
     1193	           23 	
     1194	           35 	
     1195	           28 	
     1196	           36 	
     1197	           37 	
     1198	           30 	
     1199	           26 	
     1200	           23 	
     1201	           34 	
     1202	           22 	
     1203	           26 	
     1204	           31 	
     1205	           24 	
     1206	           27 	
     1207	           27 	
     1208	           23 	
     1209	           34 	
     1210	           26 	
     1211	           35 	
     1212	           40 	
     1213	           37 	
     1214	           25 	
     1215	           46 	
     1216	           35 	
     1217	           34 	
     1218	           23 	
     1219	           27 	
     1220	           34 	
     1221	           33 	
     1222	           31 	
     1223	           26 	
     1224	           20 	
     1225	           26 	
     1226	           23 	
     1227	           28 	
     1228	           31 	
     1229	           27 	
     1230	           29 	
     1231	           27 	
     1232	           23 	
     1233	           31 	
     1234	           37 	
     1235	           31 	
     1236	           33 	
     1237	           21 	
     1238	           28 	
     1239	           32 	
     1240	           31 	
     1241	           32 	
     1242	           27 	
     1243	           27 	
     1244	           32 	
     1245	           24 	
     1246	           26 	
     1247	           41 	
     1248	           15 	
     1249	           24 	
     1250	           35 	
     1251	           22 	
     1252	           20 	
     1253	           33 	
     1254	           22 	
     1255	           18 	
     1256	           29 	
     1257	           27 	
     1258	           36 	
     1259	           32 	
     1260	           33 	
     1261	           25 	
     1262	           29 	
     1263	           35 	
     1264	           29 	
     1265	           30 	
     1266	           30 	
     1267	           39 	
     1268	           29 	
     1269	           27 	
     1270	           29 	
     1271	           23 	
     1272	           27 	
     1273	           33 	
     1274	           45 	
     1275	           37 	
     1276	           21 	
     1277	           26 	
     1278	           27 	
     1279	           30 	
     1280	           28 	
     1281	           37 	
     1282	           28 	
     1283	           26 	
     1284	           20 	
     1285	           33 	
     1286	           33 	
     1287	           31 	
     1288	           30 	
     1289	           32 	
     1290	           35 	
     1291	           36 	
     1292	           27 	
     1293	           26 	
     1294	           37 	
     1295	           34 	
     1296	           34 	
     1297	           25 	
     1298	           35 	
     1299	           33 	
     1300	           31 	
     1301	           39 	
     1302	           38 	
     1303	           26 	
     1304	           32 	
     1305	           25 	
     1306	           25 	
     1307	           34 	
     1308	           42 	
     1309	           27 	
     1310	           32 	
     1311	           24 	
     1312	           27 	
     1313	           38 	
     1314	           28 	
     1315	           25 	
     1316	           38 	
     1317	           41 	
     1318	           32 	
     1319	           30 	
     1320	           29 	
     1321	           34 	
     1322	           18 	
     1323	           27 	
     1324	           22 	
     1325	           29 	
     1326	           32 	
     1327	           32 	
     1328	           33 	
     1329	           26 	
     1330	           33 	
     1331	           28 	
     1332	           31 	
     1333	           37 	
     1334	           37 	
     1335	           35 	
     1336	           27 	
     1337	           40 	
     1338	           29 	
     1339	           24 	
     1340	           31 	
     1341	           41 	
     1342	           30 	
     1343	           39 	
     1344	           28 	
     1345	           31 	
     1346	           32 	
     1347	           43 	
     1348	           39 	
     1349	           27 	
     1350	           28 	
     1351	           22 	
     1352	           31 	
     1353	           38 	
     1354	           33 	
     1355	           28 	
     1356	           26 	
     1357	           35 	
     1358	           38 	
     1359	           24 	
     1360	           34 	
     1361	           35 	
     1362	           35 	
     1363	           24 	
     1364	           20 	
     1365	           29 	
     1366	           36 	
     1367	           22 	
     1368	           36 	
     1369	           26 	
     1370	           26 	
     1371	           25 	
     1372	           23 	
     1373	           36 	
     1374	           33 	
     1375	           28 	
     1376	           23 	
     1377	           29 	
     1378	           31 	
     1379	           36 	
     1380	           36 	
     1381	           24 	
     1382	           38 	
     1383	           32 	
     1384	           34 	
     1385	           32 	
     1386	           27 	
     1387	           27 	
     1388	           29 	
     1389	           31 	
     1390	           35 	
     1391	           25 	
     1392	           24 	
     1393	           25 	
     1394	           27 	
     1395	           31 	
     1396	           26 	
     1397	           29 	
     1398	           34 	
     1399	           24 	
     1400	           21 	
     1401	           32 	
     1402	           36 	
     1403	           28 	
     1404	           44 	
     1405	           28 	
     1406	           27 	
     1407	           31 	
     1408	           41 	
     1409	           32 	
     1410	           27 	
     1411	           36 	
     1412	           30 	
     1413	           32 	
     1414	           22 	
     1415	           28 	
     1416	           22 	
     1417	           39 	
     1418	           29 	
     1419	           37 	
     1420	           32 	
     1421	           22 	
     1422	           40 	
     1423	           30 	
     1424	           29 	
     1425	           37 	
     1426	           32 	
     1427	           40 	
     1428	           29 	
     1429	           29 	
     1430	           25 	
     1431	           24 	
     1432	           41 	
     1433	           32 	
     1434	           27 	
     1435	           32 	
     1436	           27 	
     1437	           29 	
     1438	           38 	
     1439	           34 	
     1440	           37 	
     1441	           22 	
     1442	           40 	
     1443	           25 	
     1444	           42 	
     1445	           30 	
     1446	           41 	
     1447	           36 	
     1448	           28 	
     1449	           31 	
     1450	           29 	
     1451	           29 	
     1452	           30 	
     1453	           27 	
     1454	           42 	
     1455	           22 	
     1456	           39 	
     1457	           26 	
     1458	           25 	
     1459	           32 	
     1460	           30 	
     1461	           31 	
     1462	           30 	
     1463	           28 	
     1464	           25 	
     1465	           38 	
     1466	           18 	
     1467	           33 	
     1468	           35 	
     1469	           34 	
     1470	           33 	
     1471	           35 	
     1472	           26 	
     1473	           28 	
     1474	           19 	
     1475	           27 	
     1476	           23 	
     1477	           29 	
     1478	           19 	
     1479	           32 	
     1480	           36 	
     1481	           31 	
     1482	           20 	
     1483	           31 	
     1484	           35 	
     1485	           29 	
     1486	           30 	
     1487	           36 	
     1488	           39 	
     1489	           27 	
     1490	           35 	
     1491	           32 	
     1492	           39 	
     1493	           39 	
     1494	           33 	
     1495	           25 	
     1496	           34 	
     1497	           35 	
     1498	           34 	
     1499	           31 	
     1500	           31 	
     1501	           21 	
     1502	           25 	
     1503	           22 	
     1504	           33 	
     1505	           36 	
     1506	           29 	
     1507	           25 	
     1508	           27 	
     1509	           20 	
     1510	           28 	
     1511	           35 	
     1512	           35 	
     1513	           28 	
     1514	           41 	
     1515	           19 	
     1516	           30 	
     1517	           32 	
     1518	           32 	
     1519	           35 	
     1520	           38 	
     1521	           30 	
     1522	           26 	
     1523	           36 	
     1524	           27 	
     1525	           36 	
     1526	           41 	
     1527	           32 	
     1528	           31 	
     1529	           34 	
     1530	           33 	
     1531	           30 	
     1532	           27 	
     1533	           32 	
     1534	           32 	
     1535	           37 	
     1536	           27 	
     1537	           34 	
     1538	           17 	
     1539	           26 	
     1540	           32 	
     1541	           32 	
     1542	           27 	
     1543	           30 	
     1544	           27 	
     1545	           33 	
     1546	           26 	
     1547	           29 	
     1548	           28 	
     1549	           29 	
     1550	           30 	
     1551	           30 	
     1552	           25 	
     1553	           32 	
     1554	           24 	
     1555	           29 	
     1556	           23 	
     1557	           26 	
     1558	           38 	
     1559	           28 	
     1560	           30 	
     1561	           17 	
     1562	           34 	
     1563	           27 	
     1564	           23 	
     1565	           37 	
     1566	           35 	
     1567	           29 	
     1568	           23 	
     1569	           39 	
     1570	           37 	
     1571	           27 	
     1572	           24 	
     1573	           35 	
     1574	           31 	
     1575	           39 	
     1576	           29 	
     1577	           28 	
     1578	           24 	
     1579	           27 	
     1580	           28 	
     1581	           22 	
     1582	           31 	
     1583	           25 	
     1584	           27 	
     1585	           25 	
     1586	           32 	
     1587	           29 	
     1588	           36 	
     1589	           35 	
     1590	           30 	
     1591	           21 	
     1592	           26 	
     1593	           41 	
     1594	           32 	
     1595	           39 	
     1596	           26 	
     1597	           31 	
     1598	           27 	
     1599	           23 	
     1600	           32 	
     1601	           26 	
     1602	           28 	
     1603	           20 	
     1604	           30 	
     1605	           29 	
     1606	           40 	
     1607	           30 	
     1608	           33 	
     1609	           23 	
     1610	           30 	
     1611	           41 	
     1612	           32 	
     1613	           42 	
     1614	           25 	
     1615	           28 	
     1616	           31 	
     1617	           25 	
     1618	           33 	
     1619	           26 	
     1620	           30 	
     1621	           27 	
     1622	           23 	
     1623	           34 	
     1624	           43 	
     1625	           38 	
     1626	           40 	
     1627	           29 	
     1628	           30 	
     1629	           26 	
     1630	           23 	
     1631	           21 	
     1632	           31 	
     1633	           30 	
     1634	           22 	
     1635	           39 	
     1636	           31 	
     1637	           37 	
     1638	           31 	
     1639	           32 	
     1640	           31 	
     1641	           23 	
     1642	           28 	
     1643	           29 	
     1644	           30 	
     1645	           40 	
     1646	           31 	
     1647	           34 	
     1648	           31 	
     1649	           32 	
     1650	           29 	
     1651	           35 	
     1652	           36 	
     1653	           26 	
     1654	           30 	
     1655	           24 	
     1656	           26 	
     1657	           25 	
     1658	           36 	
     1659	           27 	
     1660	           30 	
     1661	           32 	
     1662	           40 	
     1663	           29 	
     1664	           32 	
     1665	           33 	
     1666	           26 	
     1667	           25 	
     1668	           25 	
     1669	           24 	
     1670	           42 	
     1671	           16 	
     1672	           35 	
     1673	           29 	
     1674	           31 	
     1675	           31 	
     1676	           37 	
     1677	           28 	
     1678	           33 	
     1679	           27 	
     1680	           31 	
     1681	           29 	
     1682	           35 	
     1683	           41 	
     1684	           40 	
     1685	           26 	
     1686	           33 	
     1687	           25 	
     1688	           35 	
     1689	           30 	
     1690	           34 	
     1691	           31 	
     1692	           28 	
     1693	           29 	
     1694	           25 	
     1695	           39 	
     1696	           38 	
     1697	           30 	
     1698	           27 	
     1699	           32 	
     1700	           34 	
     1701	           29 	
     1702	           36 	
     1703	           35 	
     1704	           22 	
     1705	           30 	
     1706	           32 	
     1707	           30 	
     1708	           30 	
     1709	           29 	
     1710	           27 	
     1711	           37 	
     1712	           27 	
     1713	           25 	
     1714	           31 	
     1715	           25 	
     1716	           24 	
     1717	           42 	
     1718	           38 	
     1719	           40 	
     1720	           29 	
     1721	           33 	
     1722	           21 	
     1723	           24 	
     1724	           28 	
     1725	           27 	
     1726	           32 	
     1727	           42 	
     1728	           27 	
     1729	           40 	
     1730	           37 	
     1731	           31 	
     1732	           27 	
     1733	           29 	
     1734	           39 	
     1735	           25 	
     1736	           29 	
     1737	           26 	
     1738	           27 	
     1739	           37 	
     1740	           31 	
     1741	           18 	
     1742	           29 	
     1743	           31 	
     1744	           25 	
     1745	           27 	
     1746	           33 	
     1747	           27 	
     1748	           27 	
     1749	           27 	
     1750	           29 	
     1751	           26 	
     1752	           29 	
     1753	           33 	
     1754	           32 	
     1755	           24 	
     1756	           34 	
     1757	           44 	
     1758	           33 	
     1759	           27 	
     1760	           32 	
     1761	           30 	
     1762	           34 	
     1763	           30 	
     1764	           26 	
     1765	           27 	
     1766	           24 	
     1767	           20 	
     1768	           34 	
     1769	           26 	
     1770	           17 	
     1771	           33 	
     1772	           35 	
     1773	           31 	
     1774	           25 	
     1775	           33 	
     1776	           35 	
     1777	           26 	
     1778	           37 	
     1779	           31 	
     1780	           28 	
     1781	           20 	
     1782	           40 	
     1783	           31 	
     1784	           25 	
     1785	           31 	
     1786	           26 	
     1787	           28 	
     1788	           29 	
     1789	           25 	
     1790	           36 	
     1791	           27 	
     1792	           30 	
     1793	           32 	
     1794	           26 	
     1795	           24 	
     1796	           28 	
     1797	           33 	
     1798	           32 	
     1799	           21 	
     1800	           23 	
     1801	           30 	
     1802	           21 	
     1803	           29 	
     1804	           25 	
     1805	           30 	
     1806	           40 	
     1807	           32 	
     1808	           32 	
     1809	           39 	
     1810	           44 	
     1811	           35 	
     1812	           27 	
     1813	           22 	
     1814	           30 	
     1815	           32 	
     1816	           28 	
     1817	           32 	
     1818	           29 	
     1819	           31 	
     1820	           44 	
     1821	           38 	
     1822	           33 	
     1823	           30 	
     1824	           30 	
     1825	           31 	
     1826	           27 	
     1827	           26 	
     1828	           29 	
     1829	           36 	
     1830	           33 	
     1831	           39 	
     1832	           35 	
     1833	           30 	
     1834	           35 	
     1835	           34 	
     1836	           33 	
     1837	           32 	
     1838	           35 	
     1839	           26 	
     1840	           27 	
     1841	           29 	
     1842	           31 	
     1843	           24 	
     1844	           33 	
     1845	           37 	
     1846	           19 	
     1847	           38 	
     1848	           25 	
     1849	           40 	
     1850	           31 	
     1851	           29 	
     1852	           41 	
     1853	           35 	
     1854	           24 	
     1855	           24 	
     1856	           34 	
     1857	           25 	
     1858	           27 	
     1859	           25 	
     1860	           33 	
     1861	           27 	
     1862	           29 	
     1863	           31 	
     1864	           27 	
     1865	           35 	
     1866	           26 	
     1867	           39 	
     1868	           32 	
     1869	           35 	
     1870	           33 	
     1871	           42 	
     1872	           24 	
     1873	           30 	
     1874	           21 	
     1875	           32 	
     1876	           28 	
     1877	           34 	
     1878	           34 	
     1879	           29 	
     1880	           25 	
     1881	           28 	
     1882	           29 	
     1883	           32 	
     1884	           28 	
     1885	           33 	
     1886	           20 	
     1887	           32 	
     1888	           18 	
     1889	           26 	
     1890	           29 	
     1891	           37 	
     1892	           26 	
     1893	           29 	
     1894	           39 	
     1895	           32 	
     1896	           34 	
     1897	           28 	
     1898	           30 	
     1899	           25 	
     1900	           36 	
     1901	           33 	
     1902	           24 	
     1903	           32 	
     1904	           27 	
     1905	           30 	
     1906	           31 	
     1907	           29 	
     1908	           42 	
     1909	           23 	
     1910	           33 	
     1911	           24 	
     1912	           27 	
     1913	           38 	
     1914	           41 	
     1915	           28 	
     1916	           29 	
     1917	           43 	
     1918	           35 	
     1919	           35 	
     1920	           28 	
     1921	           25 	
     1922	           29 	
     1923	           30 	
     1924	           30 	
     1925	           31 	
     1926	           24 	
     1927	           23 	
     1928	           22 	
     1929	           32 	
     1930	           20 	
     1931	           41 	
     1932	           31 	
     1933	           28 	
     1934	           29 	
     1935	           34 	
     1936	           34 	
     1937	           28 	
     1938	           35 	
     1939	           30 	
     1940	           26 	
     1941	           25 	
     1942	           30 	
     1943	           36 	
     1944	           36 	
     1945	           25 	
     1946	           33 	
     1947	           29 	
     1948	           23 	
     1949	           19 	
     1950	           17 	
     1951	           28 	
     1952	           35 	
     1953	           32 	
     1954	           33 	
     1955	           21 	
     1956	           30 	
     1957	           31 	
     1958	           28 	
     1959	           25 	
     1960	           26 	
     1961	           23 	
     1962	           38 	
     1963	           38 	
     1964	           28 	
     1965	           25 	
     1966	           27 	
     1967	           40 	
     1968	           24 	
     1969	           28 	
     1970	           24 	
     1971	           38 	
     1972	           36 	
     1973	           32 	
     1974	           36 	
     1975	           30 	
     1976	           25 	
     1977	           31 	
     1978	           30 	
     1979	           37 	
     1980	           21 	
     1981	           24 	
     1982	           31 	
     1983	           35 	
     1984	           39 	
     1985	           27 	
     1986	           42 	
     1987	           31 	
     1988	           33 	
     1989	           20 	
     1990	           32 	
     1991	           39 	
     1992	           31 	
     1993	           31 	
     1994	           36 	
     1995	           38 	
     1996	           26 	
     1997	           31 	
     1998	           31 	
     1999	           21 	
     2000	           33 	
