Thorlabs Single Photon Counter Data Export

Date (YYYY-MM-DD):	2025-09-12
Time (HH:MM:SS):	23:22:55
Device Name:	SPCM50A
Serial Number:	M00296614
GUI Revision:	1.0 Build 23
Driver Revision:	1.1.0
Firmware Revision:	1.0.0

Application settings:
Operating Mode:	Free Running Timed Counter
Bin Length [ms]:	1
Time between Bins [ms]:	0.001
Pulse Blind Time [ns]:	0
Trigger Edge:	non-applicable
Array Measurement:	Yes
Array Measurement Continuously:	No
Bins per Array:	2000
Active APD Gating:	No
Fan Off:	No

Bin Number 	Counts per Bin 	Remarks
        1	           45 	
        2	           58 	
        3	           69 	
        4	           63 	
        5	           64 	
        6	           49 	
        7	           57 	
        8	           48 	
        9	           58 	
       10	           57 	
       11	           57 	
       12	           63 	
       13	           57 	
       14	           51 	
       15	           61 	
       16	           47 	
       17	           56 	
       18	           65 	
       19	           52 	
       20	           54 	
       21	           63 	
       22	           84 	
       23	           51 	
       24	           48 	
       25	           55 	
       26	           57 	
       27	           56 	
       28	           53 	
       29	           51 	
       30	           51 	
       31	           47 	
       32	           60 	
       33	           57 	
       34	           62 	
       35	           58 	
       36	           59 	
       37	           62 	
       38	           56 	
       39	           52 	
       40	           66 	
       41	           48 	
       42	           58 	
       43	           55 	
       44	           49 	
       45	           52 	
       46	           69 	
       47	           56 	
       48	           59 	
       49	           45 	
       50	           57 	
       51	           43 	
       52	           50 	
       53	           49 	
       54	           65 	
       55	           49 	
       56	           72 	
       57	           45 	
       58	           62 	
       59	           72 	
       60	           54 	
       61	           67 	
       62	           62 	
       63	           66 	
       64	           64 	
       65	           48 	
       66	           50 	
       67	           46 	
       68	           57 	
       69	           63 	
       70	           48 	
       71	           49 	
       72	           57 	
       73	           67 	
       74	           64 	
       75	           52 	
       76	           71 	
       77	           74 	
       78	           47 	
       79	           54 	
       80	           62 	
       81	           63 	
       82	           64 	
       83	           64 	
       84	           58 	
       85	           61 	
       86	           59 	
       87	           62 	
       88	           59 	
       89	           57 	
       90	           63 	
       91	           58 	
       92	           69 	
       93	           52 	
       94	           59 	
       95	           80 	
       96	           57 	
       97	           50 	
       98	           55 	
       99	           60 	
      100	           60 	
      101	           55 	
      102	           43 	
      103	           50 	
      104	           66 	
      105	           64 	
      106	           71 	
      107	           52 	
      108	           50 	
      109	           64 	
      110	           59 	
      111	           58 	
      112	           43 	
      113	           55 	
      114	           59 	
      115	           59 	
      116	           54 	
      117	           66 	
      118	           48 	
      119	           73 	
      120	           69 	
      121	           48 	
      122	           52 	
      123	           56 	
      124	           54 	
      125	           58 	
      126	           61 	
      127	           61 	
      128	           59 	
      129	           62 	
      130	           47 	
      131	           50 	
      132	           58 	
      133	           68 	
      134	           56 	
      135	           59 	
      136	           49 	
      137	           69 	
      138	           63 	
      139	           67 	
      140	           40 	
      141	           59 	
      142	           49 	
      143	           65 	
      144	           75 	
      145	           57 	
      146	           65 	
      147	           44 	
      148	           61 	
      149	           46 	
      150	           62 	
      151	           60 	
      152	           64 	
      153	           56 	
      154	           61 	
      155	           46 	
      156	           44 	
      157	           58 	
      158	           51 	
      159	           54 	
      160	           47 	
      161	           51 	
      162	           61 	
      163	           61 	
      164	           56 	
      165	           73 	
      166	           48 	
      167	           63 	
      168	           47 	
      169	           66 	
      170	           62 	
      171	           70 	
      172	           52 	
      173	           68 	
      174	           38 	
      175	           39 	
      176	           56 	
      177	           63 	
      178	           53 	
      179	           66 	
      180	           60 	
      181	           47 	
      182	           52 	
      183	           67 	
      184	           54 	
      185	           61 	
      186	           58 	
      187	           63 	
      188	           71 	
      189	           55 	
      190	           70 	
      191	           65 	
      192	           47 	
      193	           60 	
      194	           69 	
      195	           41 	
      196	           63 	
      197	           57 	
      198	           62 	
      199	           48 	
      200	           68 	
      201	           54 	
      202	           49 	
      203	           60 	
      204	           39 	
      205	           47 	
      206	           71 	
      207	           59 	
      208	           60 	
      209	           66 	
      210	           56 	
      211	           64 	
      212	           55 	
      213	           63 	
      214	           70 	
      215	           54 	
      216	           50 	
      217	           63 	
      218	           49 	
      219	           59 	
      220	           64 	
      221	           60 	
      222	           42 	
      223	           46 	
      224	           58 	
      225	           74 	
      226	           61 	
      227	           65 	
      228	           40 	
      229	           61 	
      230	           58 	
      231	           75 	
      232	           71 	
      233	           54 	
      234	           45 	
      235	           50 	
      236	           60 	
      237	           56 	
      238	           57 	
      239	           68 	
      240	           66 	
      241	           61 	
      242	           69 	
      243	           45 	
      244	           45 	
      245	           46 	
      246	           45 	
      247	           60 	
      248	           46 	
      249	           47 	
      250	           59 	
      251	           69 	
      252	           52 	
      253	           68 	
      254	           67 	
      255	           48 	
      256	           64 	
      257	           52 	
      258	           48 	
      259	           53 	
      260	           53 	
      261	           58 	
      262	           63 	
      263	           61 	
      264	           56 	
      265	           48 	
      266	           56 	
      267	           58 	
      268	           64 	
      269	           58 	
      270	           58 	
      271	           68 	
      272	           53 	
      273	           71 	
      274	           67 	
      275	           61 	
      276	           44 	
      277	           54 	
      278	           57 	
      279	           54 	
      280	           59 	
      281	           55 	
      282	           65 	
      283	           61 	
      284	           56 	
      285	           52 	
      286	           69 	
      287	           47 	
      288	           58 	
      289	           45 	
      290	           54 	
      291	           55 	
      292	           62 	
      293	           68 	
      294	           65 	
      295	           63 	
      296	           52 	
      297	           57 	
      298	           64 	
      299	           67 	
      300	           49 	
      301	           46 	
      302	           61 	
      303	           52 	
      304	           47 	
      305	           59 	
      306	           52 	
      307	           58 	
      308	           63 	
      309	           52 	
      310	           56 	
      311	           60 	
      312	           78 	
      313	           57 	
      314	           35 	
      315	           59 	
      316	           71 	
      317	           66 	
      318	           64 	
      319	           67 	
      320	           50 	
      321	           65 	
      322	           51 	
      323	           55 	
      324	           63 	
      325	           57 	
      326	           54 	
      327	           66 	
      328	           57 	
      329	           63 	
      330	           55 	
      331	           62 	
      332	           48 	
      333	           52 	
      334	           70 	
      335	           65 	
      336	           58 	
      337	           69 	
      338	           55 	
      339	           62 	
      340	           57 	
      341	           68 	
      342	           63 	
      343	           46 	
      344	           58 	
      345	           54 	
      346	           46 	
      347	           64 	
      348	           55 	
      349	           62 	
      350	           62 	
      351	           51 	
      352	           61 	
      353	           62 	
      354	           59 	
      355	           72 	
      356	           46 	
      357	           55 	
      358	           59 	
      359	           55 	
      360	           57 	
      361	           68 	
      362	           61 	
      363	           53 	
      364	           46 	
      365	           54 	
      366	           56 	
      367	           55 	
      368	           68 	
      369	           65 	
      370	           43 	
      371	           69 	
      372	           57 	
      373	           58 	
      374	           60 	
      375	           63 	
      376	           73 	
      377	           63 	
      378	           57 	
      379	           49 	
      380	           41 	
      381	           57 	
      382	           48 	
      383	           60 	
      384	           66 	
      385	           51 	
      386	           67 	
      387	           64 	
      388	           70 	
      389	           54 	
      390	           54 	
      391	           48 	
      392	           51 	
      393	           61 	
      394	           50 	
      395	           59 	
      396	           56 	
      397	           63 	
      398	           59 	
      399	           65 	
      400	           56 	
      401	           64 	
      402	           45 	
      403	           60 	
      404	           59 	
      405	           66 	
      406	           58 	
      407	           55 	
      408	           57 	
      409	           52 	
      410	           56 	
      411	           66 	
      412	           61 	
      413	           52 	
      414	           56 	
      415	           59 	
      416	           63 	
      417	           61 	
      418	           59 	
      419	           46 	
      420	           47 	
      421	           48 	
      422	           71 	
      423	           46 	
      424	           56 	
      425	           54 	
      426	           55 	
      427	           57 	
      428	           59 	
      429	           59 	
      430	           57 	
      431	           61 	
      432	           58 	
      433	           59 	
      434	           70 	
      435	           56 	
      436	           67 	
      437	           58 	
      438	           69 	
      439	           48 	
      440	           65 	
      441	           55 	
      442	           50 	
      443	           49 	
      444	           50 	
      445	           50 	
      446	           56 	
      447	           56 	
      448	           54 	
      449	           73 	
      450	           58 	
      451	           62 	
      452	           56 	
      453	           55 	
      454	           54 	
      455	           48 	
      456	           64 	
      457	           52 	
      458	           68 	
      459	           56 	
      460	           71 	
      461	           69 	
      462	           56 	
      463	           50 	
      464	           56 	
      465	           59 	
      466	           60 	
      467	           61 	
      468	           60 	
      469	           49 	
      470	           66 	
      471	           45 	
      472	           53 	
      473	           74 	
      474	           71 	
      475	           53 	
      476	           61 	
      477	           65 	
      478	           52 	
      479	           46 	
      480	           62 	
      481	           58 	
      482	           58 	
      483	           59 	
      484	           48 	
      485	           62 	
      486	           62 	
      487	           56 	
      488	           50 	
      489	           62 	
      490	           56 	
      491	           50 	
      492	           78 	
      493	           64 	
      494	           47 	
      495	           50 	
      496	           57 	
      497	           52 	
      498	           63 	
      499	           43 	
      500	           58 	
      501	           66 	
      502	           60 	
      503	           55 	
      504	           55 	
      505	           60 	
      506	           72 	
      507	           50 	
      508	           63 	
      509	           51 	
      510	           53 	
      511	           61 	
      512	           55 	
      513	           64 	
      514	           51 	
      515	           57 	
      516	           68 	
      517	           77 	
      518	           72 	
      519	           56 	
      520	           68 	
      521	           67 	
      522	           62 	
      523	           66 	
      524	           59 	
      525	           49 	
      526	           73 	
      527	           57 	
      528	           59 	
      529	           56 	
      530	           50 	
      531	           62 	
      532	           66 	
      533	           70 	
      534	           52 	
      535	           54 	
      536	           55 	
      537	           52 	
      538	           47 	
      539	           45 	
      540	           41 	
      541	           57 	
      542	           68 	
      543	           47 	
      544	           52 	
      545	           52 	
      546	           60 	
      547	           68 	
      548	           53 	
      549	           56 	
      550	           61 	
      551	           61 	
      552	           54 	
      553	           58 	
      554	           53 	
      555	           54 	
      556	           51 	
      557	           56 	
      558	           59 	
      559	           53 	
      560	           51 	
      561	           53 	
      562	           43 	
      563	           62 	
      564	           68 	
      565	           57 	
      566	           60 	
      567	           63 	
      568	           56 	
      569	           62 	
      570	           55 	
      571	           41 	
      572	           51 	
      573	           61 	
      574	           58 	
      575	           58 	
      576	           62 	
      577	           45 	
      578	           57 	
      579	           59 	
      580	           60 	
      581	           51 	
      582	           55 	
      583	           58 	
      584	           65 	
      585	           58 	
      586	           58 	
      587	           38 	
      588	           41 	
      589	           52 	
      590	           60 	
      591	           59 	
      592	           44 	
      593	           63 	
      594	           50 	
      595	           62 	
      596	           52 	
      597	           59 	
      598	           69 	
      599	           58 	
      600	           67 	
      601	           53 	
      602	           56 	
      603	           68 	
      604	           51 	
      605	           51 	
      606	           51 	
      607	           77 	
      608	           72 	
      609	           58 	
      610	           52 	
      611	           41 	
      612	           57 	
      613	           57 	
      614	           52 	
      615	           56 	
      616	           73 	
      617	           48 	
      618	           50 	
      619	           62 	
      620	           67 	
      621	           68 	
      622	           51 	
      623	           38 	
      624	           53 	
      625	           63 	
      626	           60 	
      627	           54 	
      628	           47 	
      629	           52 	
      630	           52 	
      631	           75 	
      632	           66 	
      633	           56 	
      634	           62 	
      635	           53 	
      636	           54 	
      637	           51 	
      638	           58 	
      639	           56 	
      640	           57 	
      641	           61 	
      642	           64 	
      643	           62 	
      644	           68 	
      645	           64 	
      646	           64 	
      647	           39 	
      648	           56 	
      649	           61 	
      650	           65 	
      651	           48 	
      652	           53 	
      653	           49 	
      654	           73 	
      655	           54 	
      656	           61 	
      657	           65 	
      658	           71 	
      659	           52 	
      660	           68 	
      661	           62 	
      662	           61 	
      663	           61 	
      664	           58 	
      665	           59 	
      666	           55 	
      667	           62 	
      668	           42 	
      669	           53 	
      670	           48 	
      671	           50 	
      672	           47 	
      673	           65 	
      674	           62 	
      675	           39 	
      676	           63 	
      677	           53 	
      678	           58 	
      679	           61 	
      680	           54 	
      681	           56 	
      682	           49 	
      683	           48 	
      684	           57 	
      685	           52 	
      686	           63 	
      687	           55 	
      688	           53 	
      689	           59 	
      690	           67 	
      691	           49 	
      692	           62 	
      693	           61 	
      694	           51 	
      695	           56 	
      696	           56 	
      697	           50 	
      698	           61 	
      699	           54 	
      700	           55 	
      701	           49 	
      702	           66 	
      703	           63 	
      704	           63 	
      705	           61 	
      706	           63 	
      707	           54 	
      708	           54 	
      709	           57 	
      710	           61 	
      711	           46 	
      712	           60 	
      713	           66 	
      714	           45 	
      715	           63 	
      716	           74 	
      717	           64 	
      718	           55 	
      719	           48 	
      720	           58 	
      721	           58 	
      722	           66 	
      723	           63 	
      724	           60 	
      725	           51 	
      726	           55 	
      727	           56 	
      728	           52 	
      729	           52 	
      730	           35 	
      731	           46 	
      732	           58 	
      733	           44 	
      734	           48 	
      735	           50 	
      736	           71 	
      737	           50 	
      738	           53 	
      739	           53 	
      740	           50 	
      741	           50 	
      742	           45 	
      743	           50 	
      744	           54 	
      745	           50 	
      746	           43 	
      747	           59 	
      748	           64 	
      749	           46 	
      750	           52 	
      751	           53 	
      752	           69 	
      753	           46 	
      754	           49 	
      755	           45 	
      756	           39 	
      757	           46 	
      758	           54 	
      759	           55 	
      760	           59 	
      761	           54 	
      762	           48 	
      763	           58 	
      764	           47 	
      765	           56 	
      766	           41 	
      767	           47 	
      768	           52 	
      769	           60 	
      770	           59 	
      771	           63 	
      772	           63 	
      773	           45 	
      774	           53 	
      775	           53 	
      776	           57 	
      777	           41 	
      778	           54 	
      779	           57 	
      780	           60 	
      781	           53 	
      782	           65 	
      783	           47 	
      784	           52 	
      785	           50 	
      786	           58 	
      787	           57 	
      788	           51 	
      789	           43 	
      790	           55 	
      791	           55 	
      792	           58 	
      793	           56 	
      794	           49 	
      795	           52 	
      796	           47 	
      797	           67 	
      798	           54 	
      799	           64 	
      800	           61 	
      801	           46 	
      802	           51 	
      803	           52 	
      804	           57 	
      805	           58 	
      806	           59 	
      807	           68 	
      808	           49 	
      809	           44 	
      810	           56 	
      811	           47 	
      812	           57 	
      813	           45 	
      814	           54 	
      815	           59 	
      816	           64 	
      817	           46 	
      818	           50 	
      819	           66 	
      820	           53 	
      821	           50 	
      822	           52 	
      823	           66 	
      824	           48 	
      825	           60 	
      826	           75 	
      827	           44 	
      828	           51 	
      829	           44 	
      830	           52 	
      831	           52 	
      832	           56 	
      833	           50 	
      834	           58 	
      835	           58 	
      836	           54 	
      837	           52 	
      838	           63 	
      839	           55 	
      840	           54 	
      841	           55 	
      842	           45 	
      843	           58 	
      844	           44 	
      845	           59 	
      846	           59 	
      847	           56 	
      848	           57 	
      849	           55 	
      850	           49 	
      851	           51 	
      852	           54 	
      853	           57 	
      854	           53 	
      855	           44 	
      856	           58 	
      857	           53 	
      858	           65 	
      859	           53 	
      860	           54 	
      861	           61 	
      862	           65 	
      863	           59 	
      864	           60 	
      865	           49 	
      866	           49 	
      867	           60 	
      868	           54 	
      869	           54 	
      870	           70 	
      871	           46 	
      872	           40 	
      873	           67 	
      874	           54 	
      875	           59 	
      876	           60 	
      877	           43 	
      878	           54 	
      879	           57 	
      880	           60 	
      881	           46 	
      882	           53 	
      883	           46 	
      884	           56 	
      885	           55 	
      886	           56 	
      887	           58 	
      888	           61 	
      889	           48 	
      890	           62 	
      891	           57 	
      892	           56 	
      893	           60 	
      894	           50 	
      895	           50 	
      896	           68 	
      897	           53 	
      898	           45 	
      899	           66 	
      900	           52 	
      901	           60 	
      902	           69 	
      903	           68 	
      904	           39 	
      905	           53 	
      906	           63 	
      907	           52 	
      908	           57 	
      909	           40 	
      910	           56 	
      911	           58 	
      912	           59 	
      913	           59 	
      914	           50 	
      915	           59 	
      916	           44 	
      917	           44 	
      918	           58 	
      919	           54 	
      920	           42 	
      921	           56 	
      922	           38 	
      923	           53 	
      924	           62 	
      925	           52 	
      926	           53 	
      927	           52 	
      928	           57 	
      929	           59 	
      930	           52 	
      931	           54 	
      932	           55 	
      933	           56 	
      934	           52 	
      935	           47 	
      936	           49 	
      937	           42 	
      938	           65 	
      939	           55 	
      940	           37 	
      941	           60 	
      942	           67 	
      943	           54 	
      944	           65 	
      945	           53 	
      946	           54 	
      947	           35 	
      948	           63 	
      949	           53 	
      950	           46 	
      951	           52 	
      952	           49 	
      953	           50 	
      954	           59 	
      955	           78 	
      956	           50 	
      957	           48 	
      958	           57 	
      959	           66 	
      960	           52 	
      961	           56 	
      962	           71 	
      963	           42 	
      964	           54 	
      965	           49 	
      966	           54 	
      967	           39 	
      968	           52 	
      969	           57 	
      970	           54 	
      971	           54 	
      972	           49 	
      973	           58 	
      974	           54 	
      975	           43 	
      976	           53 	
      977	           49 	
      978	           55 	
      979	           49 	
      980	           45 	
      981	           55 	
      982	           48 	
      983	           53 	
      984	           62 	
      985	           59 	
      986	           64 	
      987	           61 	
      988	           55 	
      989	           49 	
      990	           48 	
      991	           48 	
      992	           51 	
      993	           50 	
      994	           66 	
      995	           55 	
      996	           51 	
      997	           42 	
      998	           58 	
      999	           56 	
     1000	           49 	
     1001	           47 	
     1002	           58 	
     1003	           46 	
     1004	           36 	
     1005	           56 	
     1006	           57 	
     1007	           54 	
     1008	           74 	
     1009	           50 	
     1010	           69 	
     1011	           57 	
     1012	           42 	
     1013	           64 	
     1014	           48 	
     1015	           45 	
     1016	           56 	
     1017	           65 	
     1018	           57 	
     1019	           46 	
     1020	           67 	
     1021	           52 	
     1022	           40 	
     1023	           57 	
     1024	           56 	
     1025	           58 	
     1026	           55 	
     1027	           51 	
     1028	           53 	
     1029	           53 	
     1030	           55 	
     1031	           50 	
     1032	           58 	
     1033	           54 	
     1034	           56 	
     1035	           58 	
     1036	           60 	
     1037	           60 	
     1038	           46 	
     1039	           52 	
     1040	           55 	
     1041	           37 	
     1042	           37 	
     1043	           55 	
     1044	           59 	
     1045	           54 	
     1046	           57 	
     1047	           65 	
     1048	           51 	
     1049	           47 	
     1050	           51 	
     1051	           56 	
     1052	           61 	
     1053	           54 	
     1054	           57 	
     1055	           48 	
     1056	           38 	
     1057	           48 	
     1058	           47 	
     1059	           60 	
     1060	           64 	
     1061	           43 	
     1062	           52 	
     1063	           44 	
     1064	           54 	
     1065	           61 	
     1066	           72 	
     1067	           64 	
     1068	           52 	
     1069	           61 	
     1070	           55 	
     1071	           58 	
     1072	           43 	
     1073	           47 	
     1074	           66 	
     1075	           55 	
     1076	           58 	
     1077	           42 	
     1078	           59 	
     1079	           52 	
     1080	           46 	
     1081	           52 	
     1082	           62 	
     1083	           53 	
     1084	           74 	
     1085	           60 	
     1086	           48 	
     1087	           57 	
     1088	           58 	
     1089	           63 	
     1090	           51 	
     1091	           51 	
     1092	           61 	
     1093	           56 	
     1094	           48 	
     1095	           53 	
     1096	           53 	
     1097	           54 	
     1098	           70 	
     1099	           54 	
     1100	           49 	
     1101	           53 	
     1102	           50 	
     1103	           47 	
     1104	           53 	
     1105	           59 	
     1106	           48 	
     1107	           70 	
     1108	           62 	
     1109	           56 	
     1110	           56 	
     1111	           62 	
     1112	           61 	
     1113	           55 	
     1114	           53 	
     1115	           55 	
     1116	           53 	
     1117	           78 	
     1118	           63 	
     1119	           48 	
     1120	           56 	
     1121	           42 	
     1122	           50 	
     1123	           50 	
     1124	           54 	
     1125	           49 	
     1126	           54 	
     1127	           41 	
     1128	           49 	
     1129	           59 	
     1130	           55 	
     1131	           55 	
     1132	           56 	
     1133	           63 	
     1134	           63 	
     1135	           53 	
     1136	           47 	
     1137	           58 	
     1138	           62 	
     1139	           66 	
     1140	           49 	
     1141	           64 	
     1142	           51 	
     1143	           53 	
     1144	           53 	
     1145	           45 	
     1146	           56 	
     1147	           53 	
     1148	           60 	
     1149	           50 	
     1150	           44 	
     1151	           54 	
     1152	           45 	
     1153	           60 	
     1154	           57 	
     1155	           64 	
     1156	           58 	
     1157	           44 	
     1158	           49 	
     1159	           43 	
     1160	           53 	
     1161	           58 	
     1162	           51 	
     1163	           72 	
     1164	           49 	
     1165	           53 	
     1166	           55 	
     1167	           52 	
     1168	           65 	
     1169	           51 	
     1170	           46 	
     1171	           51 	
     1172	           63 	
     1173	           50 	
     1174	           45 	
     1175	           60 	
     1176	           57 	
     1177	           57 	
     1178	           68 	
     1179	           46 	
     1180	           60 	
     1181	           59 	
     1182	           45 	
     1183	           60 	
     1184	           56 	
     1185	           48 	
     1186	           48 	
     1187	           50 	
     1188	           60 	
     1189	           51 	
     1190	           44 	
     1191	           48 	
     1192	           51 	
     1193	           70 	
     1194	           57 	
     1195	           55 	
     1196	           65 	
     1197	           57 	
     1198	           48 	
     1199	           46 	
     1200	           55 	
     1201	           44 	
     1202	           48 	
     1203	           65 	
     1204	           53 	
     1205	           58 	
     1206	           44 	
     1207	           49 	
     1208	           56 	
     1209	           54 	
     1210	           58 	
     1211	           47 	
     1212	           44 	
     1213	           57 	
     1214	           52 	
     1215	           66 	
     1216	           55 	
     1217	           58 	
     1218	           46 	
     1219	           59 	
     1220	           51 	
     1221	           51 	
     1222	           50 	
     1223	           51 	
     1224	           52 	
     1225	           57 	
     1226	           53 	
     1227	           54 	
     1228	           50 	
     1229	           55 	
     1230	           67 	
     1231	           53 	
     1232	           63 	
     1233	           60 	
     1234	           45 	
     1235	           61 	
     1236	           48 	
     1237	           56 	
     1238	           69 	
     1239	           50 	
     1240	           48 	
     1241	           64 	
     1242	           59 	
     1243	           55 	
     1244	           50 	
     1245	           58 	
     1246	           67 	
     1247	           49 	
     1248	           58 	
     1249	           60 	
     1250	           62 	
     1251	           56 	
     1252	           70 	
     1253	           58 	
     1254	           66 	
     1255	           53 	
     1256	           43 	
     1257	           62 	
     1258	           56 	
     1259	           41 	
     1260	           58 	
     1261	           56 	
     1262	           68 	
     1263	           57 	
     1264	           56 	
     1265	           51 	
     1266	           47 	
     1267	           34 	
     1268	           56 	
     1269	           43 	
     1270	           55 	
     1271	           56 	
     1272	           52 	
     1273	           48 	
     1274	           48 	
     1275	           58 	
     1276	           58 	
     1277	           54 	
     1278	           56 	
     1279	           43 	
     1280	           54 	
     1281	           60 	
     1282	           54 	
     1283	           62 	
     1284	           43 	
     1285	           44 	
     1286	           42 	
     1287	           47 	
     1288	           41 	
     1289	           53 	
     1290	           52 	
     1291	           50 	
     1292	           62 	
     1293	           55 	
     1294	           51 	
     1295	           48 	
     1296	           41 	
     1297	           60 	
     1298	           63 	
     1299	           61 	
     1300	           54 	
     1301	           47 	
     1302	           56 	
     1303	           51 	
     1304	           47 	
     1305	           47 	
     1306	           57 	
     1307	           55 	
     1308	           64 	
     1309	           57 	
     1310	           44 	
     1311	           56 	
     1312	           67 	
     1313	           61 	
     1314	           70 	
     1315	           67 	
     1316	           56 	
     1317	           46 	
     1318	           54 	
     1319	           52 	
     1320	           56 	
     1321	           66 	
     1322	           47 	
     1323	           51 	
     1324	           55 	
     1325	           46 	
     1326	           62 	
     1327	           45 	
     1328	           64 	
     1329	           59 	
     1330	           54 	
     1331	           43 	
     1332	           43 	
     1333	           59 	
     1334	           58 	
     1335	           62 	
     1336	           53 	
     1337	           55 	
     1338	           55 	
     1339	           60 	
     1340	           58 	
     1341	           63 	
     1342	           56 	
     1343	           58 	
     1344	           45 	
     1345	           51 	
     1346	           41 	
     1347	           50 	
     1348	           50 	
     1349	           49 	
     1350	           48 	
     1351	           55 	
     1352	           80 	
     1353	           49 	
     1354	           68 	
     1355	           53 	
     1356	           47 	
     1357	           66 	
     1358	           56 	
     1359	           49 	
     1360	           60 	
     1361	           69 	
     1362	           60 	
     1363	           63 	
     1364	           51 	
     1365	           47 	
     1366	           62 	
     1367	           46 	
     1368	           77 	
     1369	           43 	
     1370	           59 	
     1371	           58 	
     1372	           59 	
     1373	           53 	
     1374	           54 	
     1375	           52 	
     1376	           62 	
     1377	           60 	
     1378	           50 	
     1379	           61 	
     1380	           58 	
     1381	           42 	
     1382	           54 	
     1383	           60 	
     1384	           45 	
     1385	           60 	
     1386	           57 	
     1387	           48 	
     1388	           42 	
     1389	           55 	
     1390	           57 	
     1391	           46 	
     1392	           64 	
     1393	           59 	
     1394	           52 	
     1395	           53 	
     1396	           56 	
     1397	           50 	
     1398	           57 	
     1399	           47 	
     1400	           67 	
     1401	           50 	
     1402	           64 	
     1403	           60 	
     1404	           67 	
     1405	           62 	
     1406	           58 	
     1407	           50 	
     1408	           58 	
     1409	           71 	
     1410	           55 	
     1411	           54 	
     1412	           62 	
     1413	           57 	
     1414	           58 	
     1415	           61 	
     1416	           45 	
     1417	           60 	
     1418	           57 	
     1419	           52 	
     1420	           53 	
     1421	           65 	
     1422	           50 	
     1423	           51 	
     1424	           48 	
     1425	           56 	
     1426	           53 	
     1427	           58 	
     1428	           49 	
     1429	           57 	
     1430	           63 	
     1431	           63 	
     1432	           58 	
     1433	           43 	
     1434	           59 	
     1435	           50 	
     1436	           53 	
     1437	           51 	
     1438	           69 	
     1439	           60 	
     1440	           48 	
     1441	           45 	
     1442	           60 	
     1443	           59 	
     1444	           64 	
     1445	           67 	
     1446	           54 	
     1447	           61 	
     1448	           44 	
     1449	           57 	
     1450	           44 	
     1451	           56 	
     1452	           56 	
     1453	           51 	
     1454	           68 	
     1455	           47 	
     1456	           58 	
     1457	           56 	
     1458	           56 	
     1459	           54 	
     1460	           48 	
     1461	           47 	
     1462	           54 	
     1463	           50 	
     1464	           63 	
     1465	           62 	
     1466	           51 	
     1467	           47 	
     1468	           56 	
     1469	           54 	
     1470	           39 	
     1471	           47 	
     1472	           52 	
     1473	           58 	
     1474	           53 	
     1475	           57 	
     1476	           61 	
     1477	           55 	
     1478	           58 	
     1479	           54 	
     1480	           50 	
     1481	           44 	
     1482	           43 	
     1483	           55 	
     1484	           56 	
     1485	           53 	
     1486	           44 	
     1487	           54 	
     1488	           45 	
     1489	           46 	
     1490	           63 	
     1491	           66 	
     1492	           57 	
     1493	           55 	
     1494	           56 	
     1495	           48 	
     1496	           65 	
     1497	           52 	
     1498	           41 	
     1499	           42 	
     1500	           62 	
     1501	           49 	
     1502	           49 	
     1503	           57 	
     1504	           60 	
     1505	           58 	
     1506	           63 	
     1507	           59 	
     1508	           50 	
     1509	           49 	
     1510	           52 	
     1511	           62 	
     1512	           49 	
     1513	           58 	
     1514	           59 	
     1515	           48 	
     1516	           60 	
     1517	           68 	
     1518	           61 	
     1519	           55 	
     1520	           49 	
     1521	           60 	
     1522	           52 	
     1523	           63 	
     1524	           45 	
     1525	           59 	
     1526	           53 	
     1527	           48 	
     1528	           56 	
     1529	           59 	
     1530	           52 	
     1531	           65 	
     1532	           54 	
     1533	           62 	
     1534	           61 	
     1535	           52 	
     1536	           54 	
     1537	           47 	
     1538	           47 	
     1539	           61 	
     1540	           52 	
     1541	           45 	
     1542	           53 	
     1543	           59 	
     1544	           60 	
     1545	           50 	
     1546	           42 	
     1547	           56 	
     1548	           58 	
     1549	           50 	
     1550	           51 	
     1551	           49 	
     1552	           53 	
     1553	           65 	
     1554	           53 	
     1555	           61 	
     1556	           66 	
     1557	           56 	
     1558	           47 	
     1559	           57 	
     1560	           63 	
     1561	           72 	
     1562	           67 	
     1563	           60 	
     1564	           48 	
     1565	           64 	
     1566	           65 	
     1567	           49 	
     1568	           47 	
     1569	           56 	
     1570	           41 	
     1571	           65 	
     1572	           55 	
     1573	           52 	
     1574	           56 	
     1575	           57 	
     1576	           62 	
     1577	           58 	
     1578	           57 	
     1579	           54 	
     1580	           47 	
     1581	           48 	
     1582	           55 	
     1583	           55 	
     1584	           60 	
     1585	           47 	
     1586	           55 	
     1587	           70 	
     1588	           58 	
     1589	           55 	
     1590	           57 	
     1591	           55 	
     1592	           66 	
     1593	           54 	
     1594	           44 	
     1595	           53 	
     1596	           70 	
     1597	           58 	
     1598	           49 	
     1599	           45 	
     1600	           50 	
     1601	           62 	
     1602	           57 	
     1603	           75 	
     1604	           57 	
     1605	           59 	
     1606	           56 	
     1607	           56 	
     1608	           54 	
     1609	           55 	
     1610	           52 	
     1611	           41 	
     1612	           54 	
     1613	           50 	
     1614	           74 	
     1615	           48 	
     1616	           69 	
     1617	           42 	
     1618	           50 	
     1619	           56 	
     1620	           68 	
     1621	           56 	
     1622	           53 	
     1623	           55 	
     1624	           59 	
     1625	           54 	
     1626	           46 	
     1627	           62 	
     1628	           52 	
     1629	           47 	
     1630	           47 	
     1631	           59 	
     1632	           64 	
     1633	           56 	
     1634	           57 	
     1635	           61 	
     1636	           43 	
     1637	           48 	
     1638	           52 	
     1639	           52 	
     1640	           53 	
     1641	           48 	
     1642	           57 	
     1643	           52 	
     1644	           55 	
     1645	           71 	
     1646	           62 	
     1647	           43 	
     1648	           48 	
     1649	           46 	
     1650	           46 	
     1651	           42 	
     1652	           51 	
     1653	           61 	
     1654	           54 	
     1655	           55 	
     1656	           61 	
     1657	           49 	
     1658	           47 	
     1659	           55 	
     1660	           41 	
     1661	           53 	
     1662	           54 	
     1663	           51 	
     1664	           48 	
     1665	           66 	
     1666	           45 	
     1667	           43 	
     1668	           56 	
     1669	           58 	
     1670	           54 	
     1671	           60 	
     1672	           57 	
     1673	           44 	
     1674	           51 	
     1675	           58 	
     1676	           65 	
     1677	           41 	
     1678	           58 	
     1679	           62 	
     1680	           53 	
     1681	           54 	
     1682	           46 	
     1683	           56 	
     1684	           42 	
     1685	           54 	
     1686	           51 	
     1687	           58 	
     1688	           66 	
     1689	           60 	
     1690	           46 	
     1691	           46 	
     1692	           73 	
     1693	           45 	
     1694	           61 	
     1695	           51 	
     1696	           53 	
     1697	           51 	
     1698	           45 	
     1699	           51 	
     1700	           53 	
     1701	           60 	
     1702	           48 	
     1703	           54 	
     1704	           59 	
     1705	           51 	
     1706	           47 	
     1707	           51 	
     1708	           61 	
     1709	           53 	
     1710	           45 	
     1711	           66 	
     1712	           63 	
     1713	           53 	
     1714	           59 	
     1715	           55 	
     1716	           57 	
     1717	           40 	
     1718	           62 	
     1719	           65 	
     1720	           47 	
     1721	           52 	
     1722	           58 	
     1723	           52 	
     1724	           42 	
     1725	           48 	
     1726	           47 	
     1727	           61 	
     1728	           47 	
     1729	           54 	
     1730	           60 	
     1731	           53 	
     1732	           49 	
     1733	           65 	
     1734	           55 	
     1735	           49 	
     1736	           61 	
     1737	           57 	
     1738	           62 	
     1739	           57 	
     1740	           53 	
     1741	           65 	
     1742	           55 	
     1743	           53 	
     1744	           60 	
     1745	           61 	
     1746	           40 	
     1747	           61 	
     1748	           48 	
     1749	           53 	
     1750	           50 	
     1751	           61 	
     1752	           64 	
     1753	           50 	
     1754	           51 	
     1755	           52 	
     1756	           67 	
     1757	           63 	
     1758	           48 	
     1759	           49 	
     1760	           50 	
     1761	           51 	
     1762	           61 	
     1763	           51 	
     1764	           53 	
     1765	           54 	
     1766	           47 	
     1767	           53 	
     1768	           41 	
     1769	           55 	
     1770	           66 	
     1771	           55 	
     1772	           62 	
     1773	           56 	
     1774	           43 	
     1775	           74 	
     1776	           48 	
     1777	           59 	
     1778	           62 	
     1779	           62 	
     1780	           59 	
     1781	           55 	
     1782	           55 	
     1783	           52 	
     1784	           53 	
     1785	           63 	
     1786	           67 	
     1787	           61 	
     1788	           71 	
     1789	           61 	
     1790	           46 	
     1791	           57 	
     1792	           58 	
     1793	           59 	
     1794	           59 	
     1795	           50 	
     1796	           53 	
     1797	           54 	
     1798	           48 	
     1799	           65 	
     1800	           56 	
     1801	           55 	
     1802	           63 	
     1803	           53 	
     1804	           60 	
     1805	           52 	
     1806	           61 	
     1807	           60 	
     1808	           61 	
     1809	           53 	
     1810	           52 	
     1811	           47 	
     1812	           56 	
     1813	           53 	
     1814	           55 	
     1815	           59 	
     1816	           46 	
     1817	           41 	
     1818	           39 	
     1819	           55 	
     1820	           54 	
     1821	           48 	
     1822	           62 	
     1823	           58 	
     1824	           55 	
     1825	           52 	
     1826	           58 	
     1827	           52 	
     1828	           64 	
     1829	           42 	
     1830	           53 	
     1831	           52 	
     1832	           45 	
     1833	           55 	
     1834	           62 	
     1835	           55 	
     1836	           59 	
     1837	           49 	
     1838	           54 	
     1839	           46 	
     1840	           48 	
     1841	           62 	
     1842	           56 	
     1843	           63 	
     1844	           49 	
     1845	           58 	
     1846	           59 	
     1847	           57 	
     1848	           53 	
     1849	           39 	
     1850	           69 	
     1851	           47 	
     1852	           53 	
     1853	           54 	
     1854	           41 	
     1855	           60 	
     1856	           47 	
     1857	           53 	
     1858	           53 	
     1859	           52 	
     1860	           55 	
     1861	           49 	
     1862	           63 	
     1863	           62 	
     1864	           66 	
     1865	           60 	
     1866	           63 	
     1867	           65 	
     1868	           66 	
     1869	           58 	
     1870	           52 	
     1871	           63 	
     1872	           55 	
     1873	           47 	
     1874	           46 	
     1875	           53 	
     1876	           53 	
     1877	           44 	
     1878	           42 	
     1879	           64 	
     1880	           54 	
     1881	           58 	
     1882	           51 	
     1883	           57 	
     1884	           68 	
     1885	           60 	
     1886	           61 	
     1887	           48 	
     1888	           52 	
     1889	           61 	
     1890	           44 	
     1891	           37 	
     1892	           50 	
     1893	           54 	
     1894	           53 	
     1895	           57 	
     1896	           62 	
     1897	           64 	
     1898	           42 	
     1899	           53 	
     1900	           53 	
     1901	           50 	
     1902	           40 	
     1903	           56 	
     1904	           39 	
     1905	           58 	
     1906	           60 	
     1907	           55 	
     1908	           62 	
     1909	           53 	
     1910	           41 	
     1911	           48 	
     1912	           50 	
     1913	           65 	
     1914	           53 	
     1915	           61 	
     1916	           51 	
     1917	           58 	
     1918	           68 	
     1919	           58 	
     1920	           47 	
     1921	           60 	
     1922	           60 	
     1923	           50 	
     1924	           55 	
     1925	           50 	
     1926	           52 	
     1927	           55 	
     1928	           59 	
     1929	           41 	
     1930	           41 	
     1931	           58 	
     1932	           55 	
     1933	           63 	
     1934	           54 	
     1935	           42 	
     1936	           43 	
     1937	           50 	
     1938	           54 	
     1939	           57 	
     1940	           65 	
     1941	           51 	
     1942	           45 	
     1943	           45 	
     1944	           44 	
     1945	           49 	
     1946	           62 	
     1947	           68 	
     1948	           58 	
     1949	           62 	
     1950	           51 	
     1951	           67 	
     1952	           40 	
     1953	           58 	
     1954	           45 	
     1955	           51 	
     1956	           50 	
     1957	           48 	
     1958	           58 	
     1959	           43 	
     1960	           55 	
     1961	           51 	
     1962	           49 	
     1963	           39 	
     1964	           61 	
     1965	           57 	
     1966	           49 	
     1967	           43 	
     1968	           63 	
     1969	           56 	
     1970	           46 	
     1971	           57 	
     1972	           70 	
     1973	           61 	
     1974	           53 	
     1975	           56 	
     1976	           51 	
     1977	           54 	
     1978	           59 	
     1979	           63 	
     1980	           50 	
     1981	           59 	
     1982	           45 	
     1983	           59 	
     1984	           60 	
     1985	           40 	
     1986	           48 	
     1987	           57 	
     1988	           39 	
     1989	           56 	
     1990	           75 	
     1991	           53 	
     1992	           60 	
     1993	           38 	
     1994	           42 	
     1995	           67 	
     1996	           58 	
     1997	           51 	
     1998	           51 	
     1999	           57 	
     2000	           56 	
