Thorlabs Single Photon Counter Data Export

Date (YYYY-MM-DD):	2025-09-12
Time (HH:MM:SS):	23:16:41
Device Name:	SPCM50A
Serial Number:	M00296614
GUI Revision:	1.0 Build 23
Driver Revision:	1.1.0
Firmware Revision:	1.0.0

Application settings:
Operating Mode:	Free Running Timed Counter
Bin Length [ms]:	1
Time between Bins [ms]:	0.001
Pulse Blind Time [ns]:	0
Trigger Edge:	non-applicable
Array Measurement:	Yes
Array Measurement Continuously:	No
Bins per Array:	2000
Active APD Gating:	No
Fan Off:	No

Bin Number 	Counts per Bin 	Remarks
        1	          161 	
        2	          133 	
        3	          175 	
        4	          155 	
        5	          158 	
        6	          146 	
        7	          163 	
        8	          161 	
        9	          154 	
       10	          156 	
       11	          133 	
       12	          158 	
       13	          133 	
       14	          165 	
       15	          161 	
       16	          158 	
       17	          163 	
       18	          140 	
       19	          157 	
       20	          139 	
       21	          159 	
       22	          182 	
       23	          146 	
       24	          109 	
       25	          162 	
       26	          187 	
       27	          147 	
       28	          135 	
       29	          160 	
       30	          150 	
       31	          135 	
       32	          160 	
       33	          146 	
       34	          133 	
       35	          139 	
       36	          158 	
       37	          145 	
       38	          160 	
       39	          162 	
       40	          170 	
       41	          159 	
       42	          173 	
       43	          151 	
       44	          151 	
       45	          155 	
       46	          163 	
       47	          158 	
       48	          137 	
       49	          150 	
       50	          154 	
       51	          155 	
       52	          163 	
       53	          129 	
       54	          157 	
       55	          147 	
       56	          159 	
       57	          148 	
       58	          157 	
       59	          153 	
       60	          135 	
       61	          153 	
       62	          152 	
       63	          168 	
       64	          148 	
       65	          148 	
       66	          148 	
       67	          166 	
       68	          149 	
       69	          169 	
       70	          132 	
       71	          146 	
       72	          174 	
       73	          138 	
       74	          157 	
       75	          149 	
       76	          149 	
       77	          143 	
       78	          158 	
       79	          166 	
       80	          153 	
       81	          149 	
       82	          163 	
       83	          164 	
       84	          139 	
       85	          145 	
       86	          165 	
       87	          148 	
       88	          124 	
       89	          170 	
       90	          160 	
       91	          183 	
       92	          172 	
       93	          149 	
       94	          146 	
       95	          147 	
       96	          148 	
       97	          156 	
       98	          150 	
       99	          180 	
      100	          126 	
      101	          131 	
      102	          128 	
      103	          153 	
      104	          124 	
      105	          154 	
      106	          155 	
      107	          146 	
      108	          160 	
      109	          157 	
      110	          163 	
      111	          171 	
      112	          155 	
      113	          150 	
      114	          164 	
      115	          134 	
      116	          160 	
      117	          144 	
      118	          130 	
      119	          123 	
      120	          153 	
      121	          149 	
      122	          158 	
      123	          132 	
      124	          133 	
      125	          136 	
      126	          166 	
      127	          144 	
      128	          161 	
      129	          146 	
      130	          162 	
      131	          152 	
      132	          163 	
      133	          159 	
      134	          131 	
      135	          137 	
      136	          137 	
      137	          157 	
      138	          151 	
      139	          159 	
      140	          163 	
      141	          160 	
      142	          144 	
      143	          145 	
      144	          143 	
      145	          163 	
      146	          115 	
      147	          153 	
      148	          148 	
      149	          156 	
      150	          143 	
      151	          145 	
      152	          159 	
      153	          146 	
      154	          159 	
      155	          151 	
      156	          119 	
      157	          153 	
      158	          152 	
      159	          151 	
      160	          163 	
      161	          123 	
      162	          154 	
      163	          155 	
      164	          160 	
      165	          155 	
      166	          196 	
      167	          139 	
      168	          164 	
      169	          152 	
      170	          151 	
      171	          150 	
      172	          149 	
      173	          158 	
      174	          169 	
      175	          149 	
      176	          161 	
      177	          136 	
      178	          153 	
      179	          164 	
      180	          140 	
      181	          149 	
      182	          153 	
      183	          158 	
      184	          161 	
      185	          172 	
      186	          145 	
      187	          152 	
      188	          151 	
      189	          165 	
      190	          132 	
      191	          171 	
      192	          147 	
      193	          160 	
      194	          140 	
      195	          148 	
      196	          141 	
      197	          136 	
      198	          152 	
      199	          146 	
      200	          148 	
      201	          148 	
      202	          154 	
      203	          158 	
      204	          166 	
      205	          167 	
      206	          136 	
      207	          165 	
      208	          175 	
      209	          153 	
      210	          153 	
      211	          151 	
      212	          147 	
      213	          157 	
      214	          152 	
      215	          177 	
      216	          143 	
      217	          165 	
      218	          161 	
      219	          159 	
      220	          132 	
      221	          127 	
      222	          157 	
      223	          141 	
      224	          123 	
      225	          156 	
      226	          122 	
      227	          150 	
      228	          158 	
      229	          152 	
      230	          158 	
      231	          151 	
      232	          137 	
      233	          138 	
      234	          162 	
      235	          151 	
      236	          170 	
      237	          155 	
      238	          160 	
      239	          157 	
      240	          151 	
      241	          157 	
      242	          153 	
      243	          149 	
      244	          150 	
      245	          148 	
      246	          145 	
      247	          140 	
      248	          169 	
      249	          158 	
      250	          146 	
      251	          158 	
      252	          156 	
      253	          139 	
      254	          157 	
      255	          176 	
      256	          138 	
      257	          141 	
      258	          158 	
      259	          157 	
      260	          163 	
      261	          134 	
      262	          142 	
      263	          153 	
      264	          154 	
      265	          140 	
      266	          150 	
      267	          160 	
      268	          156 	
      269	          138 	
      270	          165 	
      271	          141 	
      272	          161 	
      273	          150 	
      274	          156 	
      275	          149 	
      276	          143 	
      277	          145 	
      278	          156 	
      279	          161 	
      280	          179 	
      281	          151 	
      282	          146 	
      283	          143 	
      284	          153 	
      285	          145 	
      286	          168 	
      287	          150 	
      288	          146 	
      289	          146 	
      290	          168 	
      291	          150 	
      292	          145 	
      293	          157 	
      294	          193 	
      295	          149 	
      296	          145 	
      297	          146 	
      298	          167 	
      299	          139 	
      300	          175 	
      301	          165 	
      302	          148 	
      303	          150 	
      304	          167 	
      305	          151 	
      306	          132 	
      307	          144 	
      308	          146 	
      309	          156 	
      310	          173 	
      311	          156 	
      312	          154 	
      313	          163 	
      314	          147 	
      315	          157 	
      316	          156 	
      317	          148 	
      318	          151 	
      319	          146 	
      320	          142 	
      321	          150 	
      322	          149 	
      323	          175 	
      324	          132 	
      325	          160 	
      326	          167 	
      327	          151 	
      328	          157 	
      329	          146 	
      330	          157 	
      331	          146 	
      332	          149 	
      333	          140 	
      334	          144 	
      335	          129 	
      336	          142 	
      337	          130 	
      338	          141 	
      339	          167 	
      340	          166 	
      341	          140 	
      342	          161 	
      343	          154 	
      344	          151 	
      345	          161 	
      346	          153 	
      347	          132 	
      348	          156 	
      349	          167 	
      350	          132 	
      351	          129 	
      352	          156 	
      353	          154 	
      354	          152 	
      355	          161 	
      356	          134 	
      357	          162 	
      358	          152 	
      359	          161 	
      360	          156 	
      361	          166 	
      362	          146 	
      363	          148 	
      364	          155 	
      365	          152 	
      366	          159 	
      367	          141 	
      368	          153 	
      369	          168 	
      370	          138 	
      371	          136 	
      372	          154 	
      373	          132 	
      374	          155 	
      375	          158 	
      376	          155 	
      377	          144 	
      378	          162 	
      379	          157 	
      380	          153 	
      381	          135 	
      382	          143 	
      383	          146 	
      384	          149 	
      385	          157 	
      386	          152 	
      387	          152 	
      388	          138 	
      389	          148 	
      390	          157 	
      391	          155 	
      392	          140 	
      393	          132 	
      394	          163 	
      395	          131 	
      396	          163 	
      397	          152 	
      398	          134 	
      399	          140 	
      400	          145 	
      401	          159 	
      402	          145 	
      403	          139 	
      404	          166 	
      405	          150 	
      406	          129 	
      407	          140 	
      408	          132 	
      409	          150 	
      410	          168 	
      411	          140 	
      412	          148 	
      413	          155 	
      414	          153 	
      415	          138 	
      416	          168 	
      417	          162 	
      418	          135 	
      419	          136 	
      420	          169 	
      421	          169 	
      422	          139 	
      423	          140 	
      424	          147 	
      425	          157 	
      426	          152 	
      427	          143 	
      428	          157 	
      429	          166 	
      430	          153 	
      431	          143 	
      432	          160 	
      433	          143 	
      434	          190 	
      435	          156 	
      436	          155 	
      437	          150 	
      438	          172 	
      439	          146 	
      440	          152 	
      441	          139 	
      442	          168 	
      443	          140 	
      444	          151 	
      445	          157 	
      446	          149 	
      447	          144 	
      448	          152 	
      449	          159 	
      450	          125 	
      451	          140 	
      452	          149 	
      453	          147 	
      454	          131 	
      455	          153 	
      456	          148 	
      457	          126 	
      458	          151 	
      459	          151 	
      460	          142 	
      461	          150 	
      462	          157 	
      463	          175 	
      464	          167 	
      465	          147 	
      466	          133 	
      467	          173 	
      468	          170 	
      469	          147 	
      470	          142 	
      471	          116 	
      472	          168 	
      473	          122 	
      474	          135 	
      475	          137 	
      476	          164 	
      477	          141 	
      478	          141 	
      479	          155 	
      480	          148 	
      481	          154 	
      482	          142 	
      483	          149 	
      484	          154 	
      485	          139 	
      486	          170 	
      487	          153 	
      488	          166 	
      489	          144 	
      490	          155 	
      491	          131 	
      492	          118 	
      493	          165 	
      494	          135 	
      495	          152 	
      496	          134 	
      497	          143 	
      498	          146 	
      499	          147 	
      500	          147 	
      501	          131 	
      502	          145 	
      503	          160 	
      504	          173 	
      505	          158 	
      506	          143 	
      507	          132 	
      508	          150 	
      509	          133 	
      510	          136 	
      511	          150 	
      512	          123 	
      513	          190 	
      514	          145 	
      515	          141 	
      516	          158 	
      517	          133 	
      518	          151 	
      519	          153 	
      520	          164 	
      521	          147 	
      522	          134 	
      523	          167 	
      524	          154 	
      525	          139 	
      526	          127 	
      527	          159 	
      528	          160 	
      529	          154 	
      530	          148 	
      531	          137 	
      532	          157 	
      533	          153 	
      534	          155 	
      535	          146 	
      536	          149 	
      537	          149 	
      538	          142 	
      539	          155 	
      540	          177 	
      541	          154 	
      542	          136 	
      543	          155 	
      544	          153 	
      545	          177 	
      546	          137 	
      547	          145 	
      548	          136 	
      549	          158 	
      550	          160 	
      551	          147 	
      552	          148 	
      553	          145 	
      554	          149 	
      555	          134 	
      556	          145 	
      557	          161 	
      558	          151 	
      559	          156 	
      560	          146 	
      561	          159 	
      562	          141 	
      563	          164 	
      564	          158 	
      565	          156 	
      566	          146 	
      567	          136 	
      568	          136 	
      569	          153 	
      570	          136 	
      571	          149 	
      572	          167 	
      573	          148 	
      574	          155 	
      575	          134 	
      576	          131 	
      577	          160 	
      578	          168 	
      579	          174 	
      580	          168 	
      581	          142 	
      582	          146 	
      583	          147 	
      584	          153 	
      585	          142 	
      586	          158 	
      587	          174 	
      588	          145 	
      589	          146 	
      590	          170 	
      591	          163 	
      592	          138 	
      593	          148 	
      594	          136 	
      595	          146 	
      596	          153 	
      597	          181 	
      598	          133 	
      599	          141 	
      600	          144 	
      601	          161 	
      602	          133 	
      603	          151 	
      604	          155 	
      605	          158 	
      606	          135 	
      607	          146 	
      608	          159 	
      609	          191 	
      610	          142 	
      611	          131 	
      612	          148 	
      613	          145 	
      614	          158 	
      615	          140 	
      616	          135 	
      617	          142 	
      618	          124 	
      619	          142 	
      620	          157 	
      621	          130 	
      622	          144 	
      623	          163 	
      624	          130 	
      625	          134 	
      626	          171 	
      627	          125 	
      628	          142 	
      629	          152 	
      630	          146 	
      631	          157 	
      632	          161 	
      633	          134 	
      634	          141 	
      635	          159 	
      636	          149 	
      637	          174 	
      638	          154 	
      639	          158 	
      640	          153 	
      641	          150 	
      642	          175 	
      643	          162 	
      644	          140 	
      645	          144 	
      646	          144 	
      647	          128 	
      648	          126 	
      649	          152 	
      650	          144 	
      651	          160 	
      652	          153 	
      653	          145 	
      654	          142 	
      655	          161 	
      656	          160 	
      657	          144 	
      658	          135 	
      659	          150 	
      660	          140 	
      661	          145 	
      662	          152 	
      663	          154 	
      664	          139 	
      665	          148 	
      666	          144 	
      667	          150 	
      668	          128 	
      669	          137 	
      670	          171 	
      671	          147 	
      672	          158 	
      673	          148 	
      674	          151 	
      675	          156 	
      676	          142 	
      677	          135 	
      678	          152 	
      679	          155 	
      680	          163 	
      681	          165 	
      682	          156 	
      683	          149 	
      684	          135 	
      685	          122 	
      686	          142 	
      687	          149 	
      688	          146 	
      689	          149 	
      690	          129 	
      691	          140 	
      692	          171 	
      693	          144 	
      694	          166 	
      695	          137 	
      696	          152 	
      697	          146 	
      698	          133 	
      699	          153 	
      700	          156 	
      701	          155 	
      702	          147 	
      703	          162 	
      704	          148 	
      705	          165 	
      706	          153 	
      707	          163 	
      708	          131 	
      709	          137 	
      710	          152 	
      711	          144 	
      712	          155 	
      713	          153 	
      714	          162 	
      715	          143 	
      716	          133 	
      717	          138 	
      718	          148 	
      719	          149 	
      720	          163 	
      721	          150 	
      722	          176 	
      723	          147 	
      724	          160 	
      725	          136 	
      726	          149 	
      727	          152 	
      728	          160 	
      729	          167 	
      730	          142 	
      731	          145 	
      732	          160 	
      733	          132 	
      734	          151 	
      735	          159 	
      736	          138 	
      737	          170 	
      738	          153 	
      739	          152 	
      740	          167 	
      741	          123 	
      742	          139 	
      743	          151 	
      744	          154 	
      745	          144 	
      746	          152 	
      747	          162 	
      748	          174 	
      749	          144 	
      750	          158 	
      751	          161 	
      752	          145 	
      753	          152 	
      754	          146 	
      755	          145 	
      756	          151 	
      757	          147 	
      758	          180 	
      759	          154 	
      760	          163 	
      761	          138 	
      762	          147 	
      763	          137 	
      764	          158 	
      765	          153 	
      766	          150 	
      767	          143 	
      768	          164 	
      769	          144 	
      770	          136 	
      771	          150 	
      772	          160 	
      773	          143 	
      774	          169 	
      775	          154 	
      776	          148 	
      777	          141 	
      778	          137 	
      779	          135 	
      780	          138 	
      781	          153 	
      782	          149 	
      783	          154 	
      784	          159 	
      785	          134 	
      786	          155 	
      787	          156 	
      788	          136 	
      789	          173 	
      790	          159 	
      791	          136 	
      792	          143 	
      793	          154 	
      794	          168 	
      795	          144 	
      796	          161 	
      797	          143 	
      798	          132 	
      799	          127 	
      800	          140 	
      801	          143 	
      802	          155 	
      803	          153 	
      804	          153 	
      805	          142 	
      806	          180 	
      807	          145 	
      808	          135 	
      809	          160 	
      810	          145 	
      811	          159 	
      812	          152 	
      813	          146 	
      814	          130 	
      815	          163 	
      816	          148 	
      817	          152 	
      818	          153 	
      819	          155 	
      820	          125 	
      821	          129 	
      822	          141 	
      823	          143 	
      824	          140 	
      825	          131 	
      826	          150 	
      827	          151 	
      828	          167 	
      829	          145 	
      830	          133 	
      831	          155 	
      832	          143 	
      833	          164 	
      834	          161 	
      835	          156 	
      836	          157 	
      837	          161 	
      838	          160 	
      839	          131 	
      840	          144 	
      841	          171 	
      842	          144 	
      843	          134 	
      844	          166 	
      845	          154 	
      846	          140 	
      847	          157 	
      848	          174 	
      849	          143 	
      850	          137 	
      851	          132 	
      852	          126 	
      853	          140 	
      854	          121 	
      855	          154 	
      856	          135 	
      857	          142 	
      858	          130 	
      859	          136 	
      860	          134 	
      861	          153 	
      862	          133 	
      863	          149 	
      864	          146 	
      865	          156 	
      866	          162 	
      867	          142 	
      868	          165 	
      869	          161 	
      870	          166 	
      871	          160 	
      872	          149 	
      873	          147 	
      874	          159 	
      875	          150 	
      876	          134 	
      877	          144 	
      878	          143 	
      879	          165 	
      880	          155 	
      881	          130 	
      882	          157 	
      883	          167 	
      884	          137 	
      885	          160 	
      886	          153 	
      887	          128 	
      888	          145 	
      889	          150 	
      890	          139 	
      891	          113 	
      892	          142 	
      893	          148 	
      894	          144 	
      895	          169 	
      896	          161 	
      897	          158 	
      898	          157 	
      899	          149 	
      900	          164 	
      901	          161 	
      902	          147 	
      903	          140 	
      904	          156 	
      905	          157 	
      906	          142 	
      907	          142 	
      908	          177 	
      909	          136 	
      910	          148 	
      911	          165 	
      912	          152 	
      913	          181 	
      914	          157 	
      915	          144 	
      916	          153 	
      917	          172 	
      918	          161 	
      919	          147 	
      920	          177 	
      921	          152 	
      922	          137 	
      923	          162 	
      924	          152 	
      925	          146 	
      926	          150 	
      927	          155 	
      928	          164 	
      929	          170 	
      930	          152 	
      931	          157 	
      932	          173 	
      933	          149 	
      934	          157 	
      935	          145 	
      936	          155 	
      937	          138 	
      938	          141 	
      939	          141 	
      940	          150 	
      941	          178 	
      942	          147 	
      943	          138 	
      944	          163 	
      945	          159 	
      946	          143 	
      947	          131 	
      948	          143 	
      949	          128 	
      950	          160 	
      951	          156 	
      952	          145 	
      953	          153 	
      954	          135 	
      955	          144 	
      956	          132 	
      957	          152 	
      958	          131 	
      959	          145 	
      960	          160 	
      961	          154 	
      962	          136 	
      963	          175 	
      964	          146 	
      965	          163 	
      966	          148 	
      967	          150 	
      968	          169 	
      969	          159 	
      970	          149 	
      971	          137 	
      972	          137 	
      973	          159 	
      974	          155 	
      975	          139 	
      976	          142 	
      977	          146 	
      978	          163 	
      979	          152 	
      980	          156 	
      981	          160 	
      982	          126 	
      983	          163 	
      984	          149 	
      985	          159 	
      986	          141 	
      987	          157 	
      988	          161 	
      989	          145 	
      990	          151 	
      991	          138 	
      992	          163 	
      993	          147 	
      994	          155 	
      995	          140 	
      996	          152 	
      997	          145 	
      998	          162 	
      999	          135 	
     1000	          163 	
     1001	          141 	
     1002	          154 	
     1003	          141 	
     1004	          140 	
     1005	          130 	
     1006	          133 	
     1007	          154 	
     1008	          147 	
     1009	          180 	
     1010	          153 	
     1011	          162 	
     1012	          166 	
     1013	          158 	
     1014	          142 	
     1015	          148 	
     1016	          155 	
     1017	          141 	
     1018	          164 	
     1019	          133 	
     1020	          130 	
     1021	          145 	
     1022	          164 	
     1023	          148 	
     1024	          143 	
     1025	          153 	
     1026	          136 	
     1027	          166 	
     1028	          143 	
     1029	          156 	
     1030	          152 	
     1031	          133 	
     1032	          151 	
     1033	          145 	
     1034	          133 	
     1035	          159 	
     1036	          131 	
     1037	          137 	
     1038	          130 	
     1039	          159 	
     1040	          152 	
     1041	          139 	
     1042	          144 	
     1043	          161 	
     1044	          148 	
     1045	          138 	
     1046	          135 	
     1047	          164 	
     1048	          152 	
     1049	          144 	
     1050	          145 	
     1051	          152 	
     1052	          147 	
     1053	          152 	
     1054	          165 	
     1055	          138 	
     1056	          139 	
     1057	          143 	
     1058	          145 	
     1059	          137 	
     1060	          157 	
     1061	          171 	
     1062	          135 	
     1063	          149 	
     1064	          151 	
     1065	          154 	
     1066	          166 	
     1067	          155 	
     1068	          139 	
     1069	          164 	
     1070	          153 	
     1071	          141 	
     1072	          112 	
     1073	          138 	
     1074	          141 	
     1075	          145 	
     1076	          153 	
     1077	          148 	
     1078	          149 	
     1079	          164 	
     1080	          156 	
     1081	          148 	
     1082	          150 	
     1083	          127 	
     1084	          160 	
     1085	          160 	
     1086	          146 	
     1087	          137 	
     1088	          174 	
     1089	          128 	
     1090	          119 	
     1091	          148 	
     1092	          150 	
     1093	          138 	
     1094	          133 	
     1095	          159 	
     1096	          153 	
     1097	          154 	
     1098	          147 	
     1099	          151 	
     1100	          155 	
     1101	          161 	
     1102	          136 	
     1103	          166 	
     1104	          169 	
     1105	          166 	
     1106	          150 	
     1107	          141 	
     1108	          170 	
     1109	          137 	
     1110	          153 	
     1111	          123 	
     1112	          145 	
     1113	          140 	
     1114	          142 	
     1115	          139 	
     1116	          146 	
     1117	          141 	
     1118	          139 	
     1119	          139 	
     1120	          148 	
     1121	          125 	
     1122	          167 	
     1123	          141 	
     1124	          131 	
     1125	          163 	
     1126	          166 	
     1127	          132 	
     1128	          148 	
     1129	          144 	
     1130	          128 	
     1131	          174 	
     1132	          136 	
     1133	          129 	
     1134	          139 	
     1135	          152 	
     1136	          149 	
     1137	          147 	
     1138	          175 	
     1139	          136 	
     1140	          161 	
     1141	          142 	
     1142	          136 	
     1143	          148 	
     1144	          158 	
     1145	          131 	
     1146	          165 	
     1147	          154 	
     1148	          158 	
     1149	          170 	
     1150	          153 	
     1151	          173 	
     1152	          154 	
     1153	          163 	
     1154	          129 	
     1155	          160 	
     1156	          161 	
     1157	          147 	
     1158	          156 	
     1159	          146 	
     1160	          141 	
     1161	          145 	
     1162	          119 	
     1163	          148 	
     1164	          142 	
     1165	          140 	
     1166	          145 	
     1167	          169 	
     1168	          137 	
     1169	          135 	
     1170	          130 	
     1171	          175 	
     1172	          169 	
     1173	          150 	
     1174	          177 	
     1175	          171 	
     1176	          124 	
     1177	          146 	
     1178	          142 	
     1179	          144 	
     1180	          139 	
     1181	          128 	
     1182	          154 	
     1183	          161 	
     1184	          158 	
     1185	          135 	
     1186	          154 	
     1187	          128 	
     1188	          158 	
     1189	          152 	
     1190	          121 	
     1191	          151 	
     1192	          168 	
     1193	          118 	
     1194	          147 	
     1195	          147 	
     1196	          148 	
     1197	          150 	
     1198	          164 	
     1199	          130 	
     1200	          140 	
     1201	          142 	
     1202	          149 	
     1203	          155 	
     1204	          128 	
     1205	          147 	
     1206	          144 	
     1207	          157 	
     1208	          166 	
     1209	          140 	
     1210	          136 	
     1211	          181 	
     1212	          154 	
     1213	          139 	
     1214	          154 	
     1215	          136 	
     1216	          167 	
     1217	          146 	
     1218	          135 	
     1219	          164 	
     1220	          147 	
     1221	          137 	
     1222	          139 	
     1223	          140 	
     1224	          140 	
     1225	          144 	
     1226	          161 	
     1227	          137 	
     1228	          165 	
     1229	          149 	
     1230	          159 	
     1231	          137 	
     1232	          138 	
     1233	          164 	
     1234	          164 	
     1235	          149 	
     1236	          128 	
     1237	          151 	
     1238	          118 	
     1239	          141 	
     1240	          135 	
     1241	          146 	
     1242	          143 	
     1243	          147 	
     1244	          139 	
     1245	          161 	
     1246	          140 	
     1247	          132 	
     1248	          155 	
     1249	          147 	
     1250	          150 	
     1251	          150 	
     1252	          131 	
     1253	          152 	
     1254	          171 	
     1255	          149 	
     1256	          139 	
     1257	          179 	
     1258	          148 	
     1259	          140 	
     1260	          139 	
     1261	          139 	
     1262	          146 	
     1263	          167 	
     1264	          141 	
     1265	          146 	
     1266	          157 	
     1267	          161 	
     1268	          137 	
     1269	          146 	
     1270	          144 	
     1271	          153 	
     1272	          118 	
     1273	          150 	
     1274	          136 	
     1275	          155 	
     1276	          168 	
     1277	          138 	
     1278	          152 	
     1279	          163 	
     1280	          139 	
     1281	          169 	
     1282	          154 	
     1283	          178 	
     1284	          154 	
     1285	          151 	
     1286	          171 	
     1287	          153 	
     1288	          148 	
     1289	          146 	
     1290	          145 	
     1291	          139 	
     1292	          152 	
     1293	          152 	
     1294	          164 	
     1295	          134 	
     1296	          145 	
     1297	          155 	
     1298	          140 	
     1299	          158 	
     1300	          158 	
     1301	          150 	
     1302	          133 	
     1303	          170 	
     1304	          148 	
     1305	          142 	
     1306	          146 	
     1307	          141 	
     1308	          125 	
     1309	          155 	
     1310	          149 	
     1311	          131 	
     1312	          149 	
     1313	          154 	
     1314	          157 	
     1315	          164 	
     1316	          189 	
     1317	          133 	
     1318	          152 	
     1319	          145 	
     1320	          159 	
     1321	          162 	
     1322	          137 	
     1323	          161 	
     1324	          156 	
     1325	          136 	
     1326	          160 	
     1327	          144 	
     1328	          157 	
     1329	          151 	
     1330	          139 	
     1331	          150 	
     1332	          147 	
     1333	          141 	
     1334	          157 	
     1335	          150 	
     1336	          133 	
     1337	          147 	
     1338	          133 	
     1339	          145 	
     1340	          141 	
     1341	          143 	
     1342	          155 	
     1343	          129 	
     1344	          138 	
     1345	          150 	
     1346	          129 	
     1347	          135 	
     1348	          136 	
     1349	          155 	
     1350	          172 	
     1351	          140 	
     1352	          150 	
     1353	          149 	
     1354	          146 	
     1355	          146 	
     1356	          127 	
     1357	          152 	
     1358	          162 	
     1359	          153 	
     1360	          168 	
     1361	          154 	
     1362	          146 	
     1363	          142 	
     1364	          155 	
     1365	          147 	
     1366	          161 	
     1367	          175 	
     1368	          143 	
     1369	          140 	
     1370	          157 	
     1371	          132 	
     1372	          150 	
     1373	          136 	
     1374	          156 	
     1375	          164 	
     1376	          149 	
     1377	          143 	
     1378	          133 	
     1379	          154 	
     1380	          142 	
     1381	          152 	
     1382	          144 	
     1383	          157 	
     1384	          143 	
     1385	          153 	
     1386	          173 	
     1387	          148 	
     1388	          161 	
     1389	          144 	
     1390	          149 	
     1391	          155 	
     1392	          155 	
     1393	          129 	
     1394	          134 	
     1395	          176 	
     1396	          146 	
     1397	          136 	
     1398	          156 	
     1399	          154 	
     1400	          164 	
     1401	          136 	
     1402	          140 	
     1403	          147 	
     1404	          155 	
     1405	          114 	
     1406	          132 	
     1407	          150 	
     1408	          149 	
     1409	          147 	
     1410	          142 	
     1411	          161 	
     1412	          139 	
     1413	          167 	
     1414	          150 	
     1415	          153 	
     1416	          155 	
     1417	          162 	
     1418	          139 	
     1419	          160 	
     1420	          155 	
     1421	          142 	
     1422	          161 	
     1423	          156 	
     1424	          129 	
     1425	          143 	
     1426	          135 	
     1427	          133 	
     1428	          150 	
     1429	          155 	
     1430	          157 	
     1431	          151 	
     1432	          149 	
     1433	          143 	
     1434	          158 	
     1435	          158 	
     1436	          151 	
     1437	          136 	
     1438	          157 	
     1439	          155 	
     1440	          163 	
     1441	          160 	
     1442	          147 	
     1443	          127 	
     1444	          151 	
     1445	          140 	
     1446	          166 	
     1447	          163 	
     1448	          157 	
     1449	          136 	
     1450	          168 	
     1451	          142 	
     1452	          154 	
     1453	          150 	
     1454	          158 	
     1455	          152 	
     1456	          132 	
     1457	          170 	
     1458	          173 	
     1459	          155 	
     1460	          148 	
     1461	          167 	
     1462	          147 	
     1463	          169 	
     1464	          159 	
     1465	          139 	
     1466	          151 	
     1467	          136 	
     1468	          166 	
     1469	          129 	
     1470	          136 	
     1471	          144 	
     1472	          169 	
     1473	          175 	
     1474	          143 	
     1475	          163 	
     1476	          148 	
     1477	          158 	
     1478	          147 	
     1479	          151 	
     1480	          158 	
     1481	          152 	
     1482	          128 	
     1483	          150 	
     1484	          160 	
     1485	          146 	
     1486	          157 	
     1487	          166 	
     1488	          151 	
     1489	          128 	
     1490	          158 	
     1491	          148 	
     1492	          163 	
     1493	          155 	
     1494	          139 	
     1495	          139 	
     1496	          139 	
     1497	          138 	
     1498	          154 	
     1499	          162 	
     1500	          167 	
     1501	          154 	
     1502	          138 	
     1503	          121 	
     1504	          159 	
     1505	          147 	
     1506	          179 	
     1507	          160 	
     1508	          153 	
     1509	          152 	
     1510	          162 	
     1511	          157 	
     1512	          156 	
     1513	          173 	
     1514	          157 	
     1515	          164 	
     1516	          156 	
     1517	          143 	
     1518	          156 	
     1519	          161 	
     1520	          153 	
     1521	          136 	
     1522	          134 	
     1523	          137 	
     1524	          141 	
     1525	          153 	
     1526	          142 	
     1527	          165 	
     1528	          119 	
     1529	          154 	
     1530	          154 	
     1531	          161 	
     1532	          148 	
     1533	          153 	
     1534	          125 	
     1535	          148 	
     1536	          140 	
     1537	          151 	
     1538	          150 	
     1539	          154 	
     1540	          182 	
     1541	          146 	
     1542	          142 	
     1543	          158 	
     1544	          150 	
     1545	          145 	
     1546	          159 	
     1547	          154 	
     1548	          149 	
     1549	          134 	
     1550	          153 	
     1551	          154 	
     1552	          155 	
     1553	          163 	
     1554	          146 	
     1555	          135 	
     1556	          151 	
     1557	          146 	
     1558	          161 	
     1559	          156 	
     1560	          141 	
     1561	          167 	
     1562	          163 	
     1563	          148 	
     1564	          143 	
     1565	          146 	
     1566	          153 	
     1567	          146 	
     1568	          155 	
     1569	          134 	
     1570	          142 	
     1571	          157 	
     1572	          165 	
     1573	          156 	
     1574	          156 	
     1575	          139 	
     1576	          145 	
     1577	          146 	
     1578	          153 	
     1579	          159 	
     1580	          175 	
     1581	          150 	
     1582	          150 	
     1583	          147 	
     1584	          166 	
     1585	          164 	
     1586	          152 	
     1587	          163 	
     1588	          163 	
     1589	          154 	
     1590	          132 	
     1591	          157 	
     1592	          126 	
     1593	          164 	
     1594	          127 	
     1595	          162 	
     1596	          154 	
     1597	          140 	
     1598	          167 	
     1599	          165 	
     1600	          175 	
     1601	          123 	
     1602	          143 	
     1603	          162 	
     1604	          140 	
     1605	          142 	
     1606	          139 	
     1607	          162 	
     1608	          135 	
     1609	          146 	
     1610	          142 	
     1611	          157 	
     1612	          146 	
     1613	          169 	
     1614	          145 	
     1615	          137 	
     1616	          140 	
     1617	          176 	
     1618	          137 	
     1619	          146 	
     1620	          163 	
     1621	          151 	
     1622	          160 	
     1623	          145 	
     1624	          156 	
     1625	          142 	
     1626	          162 	
     1627	          148 	
     1628	          172 	
     1629	          167 	
     1630	          157 	
     1631	          159 	
     1632	          166 	
     1633	          164 	
     1634	          160 	
     1635	          163 	
     1636	          139 	
     1637	          173 	
     1638	          143 	
     1639	          155 	
     1640	          136 	
     1641	          141 	
     1642	          151 	
     1643	          169 	
     1644	          122 	
     1645	          145 	
     1646	          150 	
     1647	          172 	
     1648	          142 	
     1649	          152 	
     1650	          124 	
     1651	          142 	
     1652	          176 	
     1653	          126 	
     1654	          149 	
     1655	          147 	
     1656	          149 	
     1657	          171 	
     1658	          153 	
     1659	          153 	
     1660	          141 	
     1661	          137 	
     1662	          136 	
     1663	          122 	
     1664	          167 	
     1665	          134 	
     1666	          167 	
     1667	          136 	
     1668	          133 	
     1669	          158 	
     1670	          137 	
     1671	          125 	
     1672	          160 	
     1673	          144 	
     1674	          147 	
     1675	          129 	
     1676	          185 	
     1677	          150 	
     1678	          145 	
     1679	          162 	
     1680	          145 	
     1681	          143 	
     1682	          148 	
     1683	          141 	
     1684	          161 	
     1685	          160 	
     1686	          165 	
     1687	          174 	
     1688	          143 	
     1689	          172 	
     1690	          163 	
     1691	          150 	
     1692	          167 	
     1693	          152 	
     1694	          146 	
     1695	          153 	
     1696	          147 	
     1697	          153 	
     1698	          160 	
     1699	          150 	
     1700	          139 	
     1701	          153 	
     1702	          164 	
     1703	          154 	
     1704	          154 	
     1705	          158 	
     1706	          162 	
     1707	          146 	
     1708	          151 	
     1709	          152 	
     1710	          144 	
     1711	          162 	
     1712	          135 	
     1713	          153 	
     1714	          136 	
     1715	          152 	
     1716	          135 	
     1717	          138 	
     1718	          141 	
     1719	          140 	
     1720	          166 	
     1721	          135 	
     1722	          168 	
     1723	          163 	
     1724	          140 	
     1725	          148 	
     1726	          129 	
     1727	          138 	
     1728	          149 	
     1729	          148 	
     1730	          142 	
     1731	          136 	
     1732	          155 	
     1733	          153 	
     1734	          161 	
     1735	          157 	
     1736	          129 	
     1737	          158 	
     1738	          153 	
     1739	          147 	
     1740	          158 	
     1741	          139 	
     1742	          149 	
     1743	          172 	
     1744	          128 	
     1745	          180 	
     1746	          144 	
     1747	          152 	
     1748	          140 	
     1749	          143 	
     1750	          156 	
     1751	          127 	
     1752	          149 	
     1753	          146 	
     1754	          142 	
     1755	          171 	
     1756	          171 	
     1757	          166 	
     1758	          129 	
     1759	          143 	
     1760	          147 	
     1761	          109 	
     1762	          153 	
     1763	          155 	
     1764	          153 	
     1765	          148 	
     1766	          148 	
     1767	          133 	
     1768	          169 	
     1769	          153 	
     1770	          149 	
     1771	          146 	
     1772	          157 	
     1773	          127 	
     1774	          153 	
     1775	          144 	
     1776	          155 	
     1777	          144 	
     1778	          151 	
     1779	          132 	
     1780	          137 	
     1781	          155 	
     1782	          159 	
     1783	          171 	
     1784	          161 	
     1785	          149 	
     1786	          152 	
     1787	          155 	
     1788	          151 	
     1789	          131 	
     1790	          142 	
     1791	          157 	
     1792	          142 	
     1793	          136 	
     1794	          147 	
     1795	          145 	
     1796	          144 	
     1797	          163 	
     1798	          148 	
     1799	          154 	
     1800	          160 	
     1801	          165 	
     1802	          129 	
     1803	          138 	
     1804	          142 	
     1805	          133 	
     1806	          163 	
     1807	          147 	
     1808	          134 	
     1809	          160 	
     1810	          153 	
     1811	          139 	
     1812	          131 	
     1813	          127 	
     1814	          169 	
     1815	          151 	
     1816	          129 	
     1817	          154 	
     1818	          134 	
     1819	          141 	
     1820	          151 	
     1821	          135 	
     1822	          150 	
     1823	          151 	
     1824	          163 	
     1825	          158 	
     1826	          167 	
     1827	          154 	
     1828	          134 	
     1829	          137 	
     1830	          144 	
     1831	          146 	
     1832	          148 	
     1833	          149 	
     1834	          144 	
     1835	          150 	
     1836	          160 	
     1837	          151 	
     1838	          140 	
     1839	          166 	
     1840	          149 	
     1841	          147 	
     1842	          161 	
     1843	          157 	
     1844	          132 	
     1845	          141 	
     1846	          135 	
     1847	          133 	
     1848	          163 	
     1849	          154 	
     1850	          168 	
     1851	          144 	
     1852	          171 	
     1853	          161 	
     1854	          157 	
     1855	          150 	
     1856	          160 	
     1857	          162 	
     1858	          125 	
     1859	          140 	
     1860	          154 	
     1861	          149 	
     1862	          169 	
     1863	          144 	
     1864	          149 	
     1865	          149 	
     1866	          163 	
     1867	          129 	
     1868	          134 	
     1869	          138 	
     1870	          141 	
     1871	          141 	
     1872	          163 	
     1873	          175 	
     1874	          145 	
     1875	          135 	
     1876	          145 	
     1877	          152 	
     1878	          157 	
     1879	          150 	
     1880	          134 	
     1881	          144 	
     1882	          140 	
     1883	          165 	
     1884	          142 	
     1885	          163 	
     1886	          124 	
     1887	          166 	
     1888	          138 	
     1889	          128 	
     1890	          156 	
     1891	          157 	
     1892	          160 	
     1893	          155 	
     1894	          153 	
     1895	          152 	
     1896	          153 	
     1897	          183 	
     1898	          152 	
     1899	          149 	
     1900	          146 	
     1901	          161 	
     1902	          132 	
     1903	          139 	
     1904	          137 	
     1905	          141 	
     1906	          152 	
     1907	          140 	
     1908	          139 	
     1909	          169 	
     1910	          137 	
     1911	          149 	
     1912	          151 	
     1913	          155 	
     1914	          122 	
     1915	          137 	
     1916	          143 	
     1917	          136 	
     1918	          150 	
     1919	          143 	
     1920	          162 	
     1921	          149 	
     1922	          137 	
     1923	          144 	
     1924	          154 	
     1925	          164 	
     1926	          138 	
     1927	          172 	
     1928	          142 	
     1929	          159 	
     1930	          162 	
     1931	          143 	
     1932	          147 	
     1933	          141 	
     1934	          134 	
     1935	          139 	
     1936	          148 	
     1937	          123 	
     1938	          151 	
     1939	          163 	
     1940	          125 	
     1941	          141 	
     1942	          155 	
     1943	          159 	
     1944	          139 	
     1945	          161 	
     1946	          154 	
     1947	          135 	
     1948	          153 	
     1949	          149 	
     1950	          133 	
     1951	          147 	
     1952	          159 	
     1953	          132 	
     1954	          141 	
     1955	          152 	
     1956	          148 	
     1957	          143 	
     1958	          132 	
     1959	          151 	
     1960	          145 	
     1961	          135 	
     1962	          147 	
     1963	          170 	
     1964	          165 	
     1965	          145 	
     1966	          154 	
     1967	          142 	
     1968	          180 	
     1969	          136 	
     1970	          153 	
     1971	          149 	
     1972	          140 	
     1973	          164 	
     1974	          141 	
     1975	          146 	
     1976	          162 	
     1977	          166 	
     1978	          134 	
     1979	          161 	
     1980	          156 	
     1981	          149 	
     1982	          159 	
     1983	          154 	
     1984	          166 	
     1985	          153 	
     1986	          171 	
     1987	          146 	
     1988	          151 	
     1989	          154 	
     1990	          146 	
     1991	          151 	
     1992	          162 	
     1993	          155 	
     1994	          158 	
     1995	          159 	
     1996	          147 	
     1997	          152 	
     1998	          166 	
     1999	          158 	
     2000	          125 	
