Thorlabs Single Photon Counter Data Export

Date (YYYY-MM-DD):	2025-09-12
Time (HH:MM:SS):	23:22:36
Device Name:	SPCM50A
Serial Number:	M00296614
GUI Revision:	1.0 Build 23
Driver Revision:	1.1.0
Firmware Revision:	1.0.0

Application settings:
Operating Mode:	Free Running Timed Counter
Bin Length [ms]:	1
Time between Bins [ms]:	0.001
Pulse Blind Time [ns]:	0
Trigger Edge:	non-applicable
Array Measurement:	Yes
Array Measurement Continuously:	No
Bins per Array:	2000
Active APD Gating:	No
Fan Off:	No

Bin Number 	Counts per Bin 	Remarks
        1	           52 	
        2	           52 	
        3	           61 	
        4	           52 	
        5	           65 	
        6	           43 	
        7	           56 	
        8	           54 	
        9	           68 	
       10	           62 	
       11	           53 	
       12	           52 	
       13	           67 	
       14	           75 	
       15	           58 	
       16	           59 	
       17	           50 	
       18	           56 	
       19	           62 	
       20	           55 	
       21	           66 	
       22	           59 	
       23	           59 	
       24	           55 	
       25	           53 	
       26	           62 	
       27	           54 	
       28	           60 	
       29	           67 	
       30	           46 	
       31	           55 	
       32	           57 	
       33	           40 	
       34	           52 	
       35	           61 	
       36	           45 	
       37	           55 	
       38	           67 	
       39	           60 	
       40	           59 	
       41	           61 	
       42	           60 	
       43	           49 	
       44	           58 	
       45	           53 	
       46	           53 	
       47	           57 	
       48	           51 	
       49	           65 	
       50	           58 	
       51	           58 	
       52	           62 	
       53	           44 	
       54	           56 	
       55	           55 	
       56	           73 	
       57	           56 	
       58	           41 	
       59	           58 	
       60	           68 	
       61	           56 	
       62	           62 	
       63	           65 	
       64	           66 	
       65	           53 	
       66	           62 	
       67	           45 	
       68	           49 	
       69	           61 	
       70	           57 	
       71	           40 	
       72	           49 	
       73	           61 	
       74	           60 	
       75	           57 	
       76	           63 	
       77	           53 	
       78	           57 	
       79	           63 	
       80	           72 	
       81	           49 	
       82	           61 	
       83	           67 	
       84	           49 	
       85	           49 	
       86	           52 	
       87	           64 	
       88	           45 	
       89	           57 	
       90	           56 	
       91	           60 	
       92	           51 	
       93	           54 	
       94	           58 	
       95	           56 	
       96	           59 	
       97	           49 	
       98	           49 	
       99	           51 	
      100	           53 	
      101	           63 	
      102	           71 	
      103	           49 	
      104	           57 	
      105	           56 	
      106	           51 	
      107	           58 	
      108	           59 	
      109	           64 	
      110	           58 	
      111	           60 	
      112	           41 	
      113	           40 	
      114	           62 	
      115	           59 	
      116	           45 	
      117	           49 	
      118	           46 	
      119	           57 	
      120	           55 	
      121	           59 	
      122	           67 	
      123	           50 	
      124	           57 	
      125	           51 	
      126	           57 	
      127	           63 	
      128	           58 	
      129	           56 	
      130	           63 	
      131	           68 	
      132	           68 	
      133	           56 	
      134	           74 	
      135	           55 	
      136	           59 	
      137	           60 	
      138	           56 	
      139	           53 	
      140	           53 	
      141	           67 	
      142	           52 	
      143	           68 	
      144	           54 	
      145	           61 	
      146	           39 	
      147	           53 	
      148	           57 	
      149	           64 	
      150	           59 	
      151	           51 	
      152	           57 	
      153	           52 	
      154	           63 	
      155	           64 	
      156	           61 	
      157	           65 	
      158	           44 	
      159	           59 	
      160	           62 	
      161	           66 	
      162	           59 	
      163	           66 	
      164	           53 	
      165	           61 	
      166	           56 	
      167	           66 	
      168	           56 	
      169	           53 	
      170	           55 	
      171	           51 	
      172	           65 	
      173	           51 	
      174	           66 	
      175	           83 	
      176	           56 	
      177	           55 	
      178	           70 	
      179	           66 	
      180	           58 	
      181	           48 	
      182	           68 	
      183	           71 	
      184	           60 	
      185	           53 	
      186	           69 	
      187	           50 	
      188	           55 	
      189	           67 	
      190	           55 	
      191	           56 	
      192	           56 	
      193	           52 	
      194	           56 	
      195	           63 	
      196	           47 	
      197	           56 	
      198	           79 	
      199	           55 	
      200	           52 	
      201	           56 	
      202	           61 	
      203	           60 	
      204	           68 	
      205	           53 	
      206	           56 	
      207	           57 	
      208	           56 	
      209	           49 	
      210	           52 	
      211	           74 	
      212	           62 	
      213	           52 	
      214	           58 	
      215	           52 	
      216	           63 	
      217	           67 	
      218	           61 	
      219	           59 	
      220	           64 	
      221	           57 	
      222	           51 	
      223	           57 	
      224	           57 	
      225	           58 	
      226	           53 	
      227	           60 	
      228	           55 	
      229	           59 	
      230	           64 	
      231	           55 	
      232	           62 	
      233	           48 	
      234	           46 	
      235	           66 	
      236	           61 	
      237	           65 	
      238	           50 	
      239	           47 	
      240	           51 	
      241	           62 	
      242	           69 	
      243	           57 	
      244	           47 	
      245	           44 	
      246	           41 	
      247	           62 	
      248	           63 	
      249	           60 	
      250	           59 	
      251	           50 	
      252	           52 	
      253	           48 	
      254	           45 	
      255	           61 	
      256	           54 	
      257	           49 	
      258	           57 	
      259	           57 	
      260	           43 	
      261	           60 	
      262	           44 	
      263	           50 	
      264	           61 	
      265	           58 	
      266	           66 	
      267	           46 	
      268	           60 	
      269	           54 	
      270	           55 	
      271	           44 	
      272	           57 	
      273	           66 	
      274	           56 	
      275	           57 	
      276	           64 	
      277	           54 	
      278	           52 	
      279	           58 	
      280	           56 	
      281	           57 	
      282	           54 	
      283	           55 	
      284	           57 	
      285	           44 	
      286	           49 	
      287	           55 	
      288	           51 	
      289	           75 	
      290	           55 	
      291	           53 	
      292	           70 	
      293	           57 	
      294	           65 	
      295	           59 	
      296	           60 	
      297	           58 	
      298	           51 	
      299	           61 	
      300	           49 	
      301	           64 	
      302	           61 	
      303	           49 	
      304	           57 	
      305	           68 	
      306	           50 	
      307	           57 	
      308	           56 	
      309	           50 	
      310	           60 	
      311	           62 	
      312	           60 	
      313	           66 	
      314	           61 	
      315	           53 	
      316	           51 	
      317	           50 	
      318	           64 	
      319	           50 	
      320	           50 	
      321	           61 	
      322	           62 	
      323	           49 	
      324	           40 	
      325	           54 	
      326	           72 	
      327	           44 	
      328	           65 	
      329	           57 	
      330	           72 	
      331	           53 	
      332	           58 	
      333	           47 	
      334	           47 	
      335	           57 	
      336	           60 	
      337	           70 	
      338	           62 	
      339	           52 	
      340	           62 	
      341	           66 	
      342	           56 	
      343	           59 	
      344	           66 	
      345	           58 	
      346	           52 	
      347	           66 	
      348	           63 	
      349	           70 	
      350	           71 	
      351	           49 	
      352	           69 	
      353	           66 	
      354	           53 	
      355	           36 	
      356	           59 	
      357	           51 	
      358	           61 	
      359	           57 	
      360	           51 	
      361	           58 	
      362	           56 	
      363	           68 	
      364	           61 	
      365	           41 	
      366	           56 	
      367	           72 	
      368	           56 	
      369	           61 	
      370	           61 	
      371	           65 	
      372	           65 	
      373	           63 	
      374	           52 	
      375	           66 	
      376	           55 	
      377	           75 	
      378	           62 	
      379	           71 	
      380	           60 	
      381	           40 	
      382	           53 	
      383	           68 	
      384	           64 	
      385	           55 	
      386	           66 	
      387	           61 	
      388	           60 	
      389	           56 	
      390	           72 	
      391	           65 	
      392	           57 	
      393	           53 	
      394	           65 	
      395	           49 	
      396	           64 	
      397	           57 	
      398	           65 	
      399	           65 	
      400	           64 	
      401	           62 	
      402	           55 	
      403	           64 	
      404	           65 	
      405	           67 	
      406	           48 	
      407	           61 	
      408	           53 	
      409	           49 	
      410	           60 	
      411	           55 	
      412	           62 	
      413	           58 	
      414	           61 	
      415	           50 	
      416	           57 	
      417	           52 	
      418	           59 	
      419	           49 	
      420	           66 	
      421	           74 	
      422	           53 	
      423	           58 	
      424	           73 	
      425	           64 	
      426	           47 	
      427	           71 	
      428	           49 	
      429	           59 	
      430	           59 	
      431	           60 	
      432	           54 	
      433	           64 	
      434	           56 	
      435	           67 	
      436	           58 	
      437	           54 	
      438	           56 	
      439	           54 	
      440	           56 	
      441	           63 	
      442	           59 	
      443	           54 	
      444	           52 	
      445	           54 	
      446	           76 	
      447	           56 	
      448	           52 	
      449	           59 	
      450	           52 	
      451	           66 	
      452	           70 	
      453	           51 	
      454	           66 	
      455	           50 	
      456	           59 	
      457	           55 	
      458	           66 	
      459	           47 	
      460	           49 	
      461	           64 	
      462	           61 	
      463	           64 	
      464	           62 	
      465	           70 	
      466	           59 	
      467	           55 	
      468	           62 	
      469	           65 	
      470	           63 	
      471	           65 	
      472	           61 	
      473	           52 	
      474	           61 	
      475	           53 	
      476	           68 	
      477	           55 	
      478	           69 	
      479	           53 	
      480	           52 	
      481	           64 	
      482	           56 	
      483	           59 	
      484	           69 	
      485	           64 	
      486	           51 	
      487	           42 	
      488	           45 	
      489	           73 	
      490	           72 	
      491	           57 	
      492	           49 	
      493	           58 	
      494	           59 	
      495	           62 	
      496	           60 	
      497	           51 	
      498	           54 	
      499	           51 	
      500	           59 	
      501	           62 	
      502	           56 	
      503	           57 	
      504	           49 	
      505	           46 	
      506	           79 	
      507	           51 	
      508	           55 	
      509	           66 	
      510	           61 	
      511	           74 	
      512	           68 	
      513	           56 	
      514	           55 	
      515	           58 	
      516	           61 	
      517	           55 	
      518	           65 	
      519	           50 	
      520	           49 	
      521	           48 	
      522	           60 	
      523	           72 	
      524	           64 	
      525	           66 	
      526	           73 	
      527	           60 	
      528	           49 	
      529	           64 	
      530	           53 	
      531	           63 	
      532	           61 	
      533	           60 	
      534	           49 	
      535	           63 	
      536	           59 	
      537	           52 	
      538	           54 	
      539	           63 	
      540	           64 	
      541	           53 	
      542	           71 	
      543	           58 	
      544	           62 	
      545	           74 	
      546	           68 	
      547	           52 	
      548	           68 	
      549	           47 	
      550	           53 	
      551	           63 	
      552	           46 	
      553	           72 	
      554	           46 	
      555	           52 	
      556	           49 	
      557	           66 	
      558	           57 	
      559	           54 	
      560	           58 	
      561	           58 	
      562	           65 	
      563	           65 	
      564	           63 	
      565	           66 	
      566	           57 	
      567	           73 	
      568	           59 	
      569	           65 	
      570	           56 	
      571	           49 	
      572	           58 	
      573	           47 	
      574	           68 	
      575	           63 	
      576	           42 	
      577	           48 	
      578	           50 	
      579	           71 	
      580	           67 	
      581	           73 	
      582	           47 	
      583	           61 	
      584	           53 	
      585	           57 	
      586	           64 	
      587	           55 	
      588	           53 	
      589	           57 	
      590	           53 	
      591	           58 	
      592	           69 	
      593	           67 	
      594	           41 	
      595	           55 	
      596	           63 	
      597	           53 	
      598	           66 	
      599	           63 	
      600	           66 	
      601	           62 	
      602	           69 	
      603	           51 	
      604	           63 	
      605	           54 	
      606	           57 	
      607	           59 	
      608	           64 	
      609	           43 	
      610	           65 	
      611	           52 	
      612	           52 	
      613	           62 	
      614	           48 	
      615	           57 	
      616	           49 	
      617	           57 	
      618	           72 	
      619	           72 	
      620	           66 	
      621	           60 	
      622	           54 	
      623	           71 	
      624	           52 	
      625	           55 	
      626	           57 	
      627	           71 	
      628	           62 	
      629	           63 	
      630	           48 	
      631	           65 	
      632	           73 	
      633	           65 	
      634	           60 	
      635	           60 	
      636	           68 	
      637	           65 	
      638	           62 	
      639	           73 	
      640	           57 	
      641	           56 	
      642	           55 	
      643	           65 	
      644	           58 	
      645	           50 	
      646	           68 	
      647	           57 	
      648	           71 	
      649	           51 	
      650	           59 	
      651	           64 	
      652	           56 	
      653	           64 	
      654	           51 	
      655	           63 	
      656	           63 	
      657	           50 	
      658	           52 	
      659	           46 	
      660	           58 	
      661	           62 	
      662	           45 	
      663	           61 	
      664	           71 	
      665	           65 	
      666	           63 	
      667	           61 	
      668	           57 	
      669	           53 	
      670	           51 	
      671	           64 	
      672	           48 	
      673	           55 	
      674	           54 	
      675	           64 	
      676	           66 	
      677	           61 	
      678	           54 	
      679	           57 	
      680	           56 	
      681	           49 	
      682	           50 	
      683	           52 	
      684	           67 	
      685	           65 	
      686	           47 	
      687	           69 	
      688	           68 	
      689	           63 	
      690	           63 	
      691	           49 	
      692	           50 	
      693	           64 	
      694	           69 	
      695	           45 	
      696	           56 	
      697	           56 	
      698	           52 	
      699	           54 	
      700	           58 	
      701	           71 	
      702	           57 	
      703	           53 	
      704	           57 	
      705	           62 	
      706	           61 	
      707	           54 	
      708	           61 	
      709	           55 	
      710	           71 	
      711	           60 	
      712	           51 	
      713	           76 	
      714	           56 	
      715	           62 	
      716	           49 	
      717	           52 	
      718	           78 	
      719	           59 	
      720	           54 	
      721	           51 	
      722	           53 	
      723	           59 	
      724	           64 	
      725	           51 	
      726	           76 	
      727	           62 	
      728	           60 	
      729	           62 	
      730	           58 	
      731	           80 	
      732	           58 	
      733	           54 	
      734	           52 	
      735	           54 	
      736	           55 	
      737	           55 	
      738	           62 	
      739	           64 	
      740	           57 	
      741	           50 	
      742	           62 	
      743	           65 	
      744	           67 	
      745	           64 	
      746	           61 	
      747	           54 	
      748	           46 	
      749	           63 	
      750	           62 	
      751	           41 	
      752	           60 	
      753	           68 	
      754	           75 	
      755	           57 	
      756	           54 	
      757	           63 	
      758	           59 	
      759	           68 	
      760	           49 	
      761	           72 	
      762	           57 	
      763	           53 	
      764	           66 	
      765	           58 	
      766	           65 	
      767	           54 	
      768	           52 	
      769	           73 	
      770	           45 	
      771	           62 	
      772	           72 	
      773	           52 	
      774	           70 	
      775	           63 	
      776	           52 	
      777	           74 	
      778	           66 	
      779	           55 	
      780	           71 	
      781	           49 	
      782	           49 	
      783	           54 	
      784	           62 	
      785	           53 	
      786	           71 	
      787	           70 	
      788	           50 	
      789	           60 	
      790	           63 	
      791	           49 	
      792	           63 	
      793	           52 	
      794	           57 	
      795	           59 	
      796	           57 	
      797	           64 	
      798	           56 	
      799	           58 	
      800	           54 	
      801	           70 	
      802	           52 	
      803	           73 	
      804	           67 	
      805	           57 	
      806	           86 	
      807	           65 	
      808	           50 	
      809	           59 	
      810	           61 	
      811	           58 	
      812	           56 	
      813	           64 	
      814	           57 	
      815	           70 	
      816	           61 	
      817	           67 	
      818	           58 	
      819	           50 	
      820	           60 	
      821	           59 	
      822	           60 	
      823	           56 	
      824	           57 	
      825	           57 	
      826	           65 	
      827	           68 	
      828	           63 	
      829	           59 	
      830	           71 	
      831	           65 	
      832	           57 	
      833	           52 	
      834	           57 	
      835	           64 	
      836	           60 	
      837	           54 	
      838	           61 	
      839	           63 	
      840	           50 	
      841	           57 	
      842	           64 	
      843	           60 	
      844	           54 	
      845	           58 	
      846	           43 	
      847	           67 	
      848	           56 	
      849	           65 	
      850	           71 	
      851	           60 	
      852	           49 	
      853	           56 	
      854	           54 	
      855	           64 	
      856	           57 	
      857	           63 	
      858	           56 	
      859	           64 	
      860	           55 	
      861	           59 	
      862	           62 	
      863	           78 	
      864	           61 	
      865	           66 	
      866	           69 	
      867	           47 	
      868	           75 	
      869	           71 	
      870	           53 	
      871	           44 	
      872	           60 	
      873	           52 	
      874	           47 	
      875	           48 	
      876	           64 	
      877	           70 	
      878	           51 	
      879	           61 	
      880	           58 	
      881	           55 	
      882	           51 	
      883	           54 	
      884	           59 	
      885	           66 	
      886	           75 	
      887	           64 	
      888	           65 	
      889	           67 	
      890	           86 	
      891	           68 	
      892	           75 	
      893	           70 	
      894	           52 	
      895	           52 	
      896	           48 	
      897	           61 	
      898	           64 	
      899	           58 	
      900	           53 	
      901	           45 	
      902	           53 	
      903	           53 	
      904	           47 	
      905	           47 	
      906	           52 	
      907	           48 	
      908	           52 	
      909	           66 	
      910	           52 	
      911	           64 	
      912	           66 	
      913	           68 	
      914	           55 	
      915	           70 	
      916	           54 	
      917	           64 	
      918	           48 	
      919	           55 	
      920	           59 	
      921	           55 	
      922	           54 	
      923	           73 	
      924	           62 	
      925	           78 	
      926	           69 	
      927	           70 	
      928	           60 	
      929	           58 	
      930	           47 	
      931	           59 	
      932	           62 	
      933	           67 	
      934	           66 	
      935	           61 	
      936	           66 	
      937	           55 	
      938	           66 	
      939	           60 	
      940	           77 	
      941	           68 	
      942	           62 	
      943	           66 	
      944	           55 	
      945	           58 	
      946	           73 	
      947	           60 	
      948	           52 	
      949	           71 	
      950	           53 	
      951	           74 	
      952	           66 	
      953	           54 	
      954	           72 	
      955	           46 	
      956	           57 	
      957	           57 	
      958	           68 	
      959	           71 	
      960	           56 	
      961	           55 	
      962	           61 	
      963	           56 	
      964	           67 	
      965	           60 	
      966	           61 	
      967	           63 	
      968	           57 	
      969	           69 	
      970	           61 	
      971	           54 	
      972	           71 	
      973	           55 	
      974	           63 	
      975	           52 	
      976	           69 	
      977	           74 	
      978	           51 	
      979	           67 	
      980	           56 	
      981	           68 	
      982	           58 	
      983	           49 	
      984	           76 	
      985	           58 	
      986	           61 	
      987	           67 	
      988	           67 	
      989	           54 	
      990	           65 	
      991	           53 	
      992	           55 	
      993	           56 	
      994	           53 	
      995	           66 	
      996	           58 	
      997	           47 	
      998	           59 	
      999	           62 	
     1000	           63 	
     1001	           65 	
     1002	           59 	
     1003	           57 	
     1004	           60 	
     1005	           62 	
     1006	           52 	
     1007	           59 	
     1008	           58 	
     1009	           48 	
     1010	           70 	
     1011	           73 	
     1012	           69 	
     1013	           62 	
     1014	           76 	
     1015	           69 	
     1016	           63 	
     1017	           68 	
     1018	           70 	
     1019	           56 	
     1020	           60 	
     1021	           58 	
     1022	           69 	
     1023	           62 	
     1024	           69 	
     1025	           59 	
     1026	           62 	
     1027	           53 	
     1028	           61 	
     1029	           71 	
     1030	           58 	
     1031	           71 	
     1032	           72 	
     1033	           64 	
     1034	           60 	
     1035	           65 	
     1036	           46 	
     1037	           53 	
     1038	           71 	
     1039	           65 	
     1040	           69 	
     1041	           64 	
     1042	           55 	
     1043	           66 	
     1044	           54 	
     1045	           62 	
     1046	           66 	
     1047	           44 	
     1048	           68 	
     1049	           48 	
     1050	           64 	
     1051	           61 	
     1052	           71 	
     1053	           57 	
     1054	           63 	
     1055	           71 	
     1056	           57 	
     1057	           58 	
     1058	           49 	
     1059	           74 	
     1060	           69 	
     1061	           64 	
     1062	           59 	
     1063	           50 	
     1064	           47 	
     1065	           70 	
     1066	           59 	
     1067	           54 	
     1068	           54 	
     1069	           75 	
     1070	           51 	
     1071	           64 	
     1072	           57 	
     1073	           52 	
     1074	           56 	
     1075	           59 	
     1076	           61 	
     1077	           70 	
     1078	           57 	
     1079	           57 	
     1080	           66 	
     1081	           55 	
     1082	           79 	
     1083	           55 	
     1084	           64 	
     1085	           62 	
     1086	           55 	
     1087	           78 	
     1088	           71 	
     1089	           69 	
     1090	           47 	
     1091	           55 	
     1092	           56 	
     1093	           61 	
     1094	           56 	
     1095	           70 	
     1096	           67 	
     1097	           89 	
     1098	           59 	
     1099	           56 	
     1100	           68 	
     1101	           65 	
     1102	           46 	
     1103	           58 	
     1104	           63 	
     1105	           55 	
     1106	           72 	
     1107	           45 	
     1108	           54 	
     1109	           63 	
     1110	           60 	
     1111	           57 	
     1112	           39 	
     1113	           56 	
     1114	           68 	
     1115	           56 	
     1116	           59 	
     1117	           64 	
     1118	           55 	
     1119	           53 	
     1120	           68 	
     1121	           63 	
     1122	           67 	
     1123	           77 	
     1124	           68 	
     1125	           57 	
     1126	           58 	
     1127	           63 	
     1128	           72 	
     1129	           67 	
     1130	           69 	
     1131	           54 	
     1132	           61 	
     1133	           63 	
     1134	           58 	
     1135	           55 	
     1136	           56 	
     1137	           58 	
     1138	           43 	
     1139	           66 	
     1140	           68 	
     1141	           49 	
     1142	           54 	
     1143	           72 	
     1144	           71 	
     1145	           64 	
     1146	           68 	
     1147	           62 	
     1148	           50 	
     1149	           58 	
     1150	           51 	
     1151	           62 	
     1152	           55 	
     1153	           70 	
     1154	           51 	
     1155	           56 	
     1156	           62 	
     1157	           59 	
     1158	           71 	
     1159	           69 	
     1160	           56 	
     1161	           54 	
     1162	           48 	
     1163	           55 	
     1164	           63 	
     1165	           60 	
     1166	           61 	
     1167	           62 	
     1168	           61 	
     1169	           61 	
     1170	           52 	
     1171	           56 	
     1172	           57 	
     1173	           55 	
     1174	           67 	
     1175	           66 	
     1176	           76 	
     1177	           69 	
     1178	           76 	
     1179	           64 	
     1180	           51 	
     1181	           60 	
     1182	           66 	
     1183	           63 	
     1184	           44 	
     1185	           60 	
     1186	           56 	
     1187	           63 	
     1188	           72 	
     1189	           59 	
     1190	           65 	
     1191	           67 	
     1192	           53 	
     1193	           65 	
     1194	           59 	
     1195	           72 	
     1196	           63 	
     1197	           66 	
     1198	           60 	
     1199	           69 	
     1200	           55 	
     1201	           66 	
     1202	           58 	
     1203	           59 	
     1204	           56 	
     1205	           62 	
     1206	           47 	
     1207	           56 	
     1208	           46 	
     1209	           68 	
     1210	           65 	
     1211	           49 	
     1212	           66 	
     1213	           43 	
     1214	           72 	
     1215	           59 	
     1216	           84 	
     1217	           58 	
     1218	           62 	
     1219	           64 	
     1220	           64 	
     1221	           60 	
     1222	           51 	
     1223	           57 	
     1224	           70 	
     1225	           77 	
     1226	           60 	
     1227	           65 	
     1228	           69 	
     1229	           51 	
     1230	           73 	
     1231	           70 	
     1232	           65 	
     1233	           77 	
     1234	           58 	
     1235	           68 	
     1236	           51 	
     1237	           57 	
     1238	           50 	
     1239	           71 	
     1240	           45 	
     1241	           61 	
     1242	           54 	
     1243	           53 	
     1244	           67 	
     1245	           56 	
     1246	           63 	
     1247	           59 	
     1248	           71 	
     1249	           58 	
     1250	           50 	
     1251	           70 	
     1252	           60 	
     1253	           58 	
     1254	           60 	
     1255	           56 	
     1256	           63 	
     1257	           53 	
     1258	           73 	
     1259	           64 	
     1260	           57 	
     1261	           58 	
     1262	           61 	
     1263	           50 	
     1264	           70 	
     1265	           59 	
     1266	           59 	
     1267	           68 	
     1268	           63 	
     1269	           66 	
     1270	           66 	
     1271	           48 	
     1272	           58 	
     1273	           78 	
     1274	           55 	
     1275	           42 	
     1276	           64 	
     1277	           65 	
     1278	           55 	
     1279	           79 	
     1280	           56 	
     1281	           74 	
     1282	           59 	
     1283	           70 	
     1284	           54 	
     1285	           61 	
     1286	           65 	
     1287	           84 	
     1288	           45 	
     1289	           71 	
     1290	           57 	
     1291	           67 	
     1292	           71 	
     1293	           52 	
     1294	           52 	
     1295	           52 	
     1296	           57 	
     1297	           58 	
     1298	           73 	
     1299	           56 	
     1300	           50 	
     1301	           69 	
     1302	           75 	
     1303	           58 	
     1304	           72 	
     1305	           51 	
     1306	           55 	
     1307	           67 	
     1308	           67 	
     1309	           56 	
     1310	           57 	
     1311	           74 	
     1312	           60 	
     1313	           59 	
     1314	           60 	
     1315	           66 	
     1316	           72 	
     1317	           44 	
     1318	           65 	
     1319	           59 	
     1320	           69 	
     1321	           75 	
     1322	           70 	
     1323	           56 	
     1324	           68 	
     1325	           62 	
     1326	           66 	
     1327	           46 	
     1328	           78 	
     1329	           52 	
     1330	           53 	
     1331	           67 	
     1332	           69 	
     1333	           63 	
     1334	           52 	
     1335	           57 	
     1336	           63 	
     1337	           62 	
     1338	           56 	
     1339	           59 	
     1340	           48 	
     1341	           78 	
     1342	           71 	
     1343	           70 	
     1344	           72 	
     1345	           70 	
     1346	           69 	
     1347	           63 	
     1348	           48 	
     1349	           42 	
     1350	           74 	
     1351	           68 	
     1352	           75 	
     1353	           64 	
     1354	           71 	
     1355	           50 	
     1356	           59 	
     1357	           52 	
     1358	           58 	
     1359	           73 	
     1360	           57 	
     1361	           63 	
     1362	           59 	
     1363	           72 	
     1364	           59 	
     1365	           64 	
     1366	           70 	
     1367	           78 	
     1368	           59 	
     1369	           53 	
     1370	           59 	
     1371	           59 	
     1372	           68 	
     1373	           58 	
     1374	           46 	
     1375	           60 	
     1376	           65 	
     1377	           50 	
     1378	           65 	
     1379	           55 	
     1380	           68 	
     1381	           56 	
     1382	           65 	
     1383	           59 	
     1384	           68 	
     1385	           51 	
     1386	           64 	
     1387	           67 	
     1388	           67 	
     1389	           52 	
     1390	           45 	
     1391	           65 	
     1392	           59 	
     1393	           72 	
     1394	           65 	
     1395	           60 	
     1396	           65 	
     1397	           57 	
     1398	           75 	
     1399	           51 	
     1400	           58 	
     1401	           58 	
     1402	           60 	
     1403	           66 	
     1404	           73 	
     1405	           58 	
     1406	           66 	
     1407	           64 	
     1408	           69 	
     1409	           44 	
     1410	           57 	
     1411	           66 	
     1412	           56 	
     1413	           56 	
     1414	           70 	
     1415	           60 	
     1416	           72 	
     1417	           65 	
     1418	           55 	
     1419	           70 	
     1420	           60 	
     1421	           71 	
     1422	           68 	
     1423	           46 	
     1424	           53 	
     1425	           69 	
     1426	           57 	
     1427	           60 	
     1428	           57 	
     1429	           64 	
     1430	           60 	
     1431	           47 	
     1432	           51 	
     1433	           61 	
     1434	           71 	
     1435	           64 	
     1436	           69 	
     1437	           61 	
     1438	           62 	
     1439	           57 	
     1440	           57 	
     1441	           59 	
     1442	           69 	
     1443	           50 	
     1444	           69 	
     1445	           58 	
     1446	           71 	
     1447	           56 	
     1448	           61 	
     1449	           55 	
     1450	           58 	
     1451	           66 	
     1452	           67 	
     1453	           67 	
     1454	           68 	
     1455	           59 	
     1456	           56 	
     1457	           57 	
     1458	           68 	
     1459	           58 	
     1460	           67 	
     1461	           69 	
     1462	           65 	
     1463	           53 	
     1464	           52 	
     1465	           64 	
     1466	           58 	
     1467	           60 	
     1468	           66 	
     1469	           71 	
     1470	           55 	
     1471	           40 	
     1472	           66 	
     1473	           60 	
     1474	           81 	
     1475	           71 	
     1476	           59 	
     1477	           76 	
     1478	           59 	
     1479	           66 	
     1480	           66 	
     1481	           58 	
     1482	           71 	
     1483	           61 	
     1484	           74 	
     1485	           64 	
     1486	           67 	
     1487	           66 	
     1488	           75 	
     1489	           57 	
     1490	           65 	
     1491	           72 	
     1492	           55 	
     1493	           65 	
     1494	           63 	
     1495	           57 	
     1496	           45 	
     1497	           66 	
     1498	           65 	
     1499	           71 	
     1500	           64 	
     1501	           78 	
     1502	           64 	
     1503	           64 	
     1504	           72 	
     1505	           69 	
     1506	           68 	
     1507	           61 	
     1508	           62 	
     1509	           68 	
     1510	           66 	
     1511	           48 	
     1512	           61 	
     1513	           61 	
     1514	           69 	
     1515	           56 	
     1516	           65 	
     1517	           70 	
     1518	           66 	
     1519	           64 	
     1520	           53 	
     1521	           57 	
     1522	           59 	
     1523	           66 	
     1524	           59 	
     1525	           52 	
     1526	           49 	
     1527	           58 	
     1528	           64 	
     1529	           54 	
     1530	           60 	
     1531	           53 	
     1532	           55 	
     1533	           62 	
     1534	           85 	
     1535	           66 	
     1536	           79 	
     1537	           58 	
     1538	           76 	
     1539	           69 	
     1540	           64 	
     1541	           72 	
     1542	           55 	
     1543	           67 	
     1544	           57 	
     1545	           67 	
     1546	           62 	
     1547	           63 	
     1548	           58 	
     1549	           55 	
     1550	           58 	
     1551	           51 	
     1552	           54 	
     1553	           60 	
     1554	           79 	
     1555	           56 	
     1556	           58 	
     1557	           68 	
     1558	           50 	
     1559	           54 	
     1560	           64 	
     1561	           58 	
     1562	           54 	
     1563	           56 	
     1564	           60 	
     1565	           68 	
     1566	           49 	
     1567	           62 	
     1568	           67 	
     1569	           63 	
     1570	           56 	
     1571	           60 	
     1572	           68 	
     1573	           53 	
     1574	           64 	
     1575	           58 	
     1576	           55 	
     1577	           66 	
     1578	           62 	
     1579	           51 	
     1580	           55 	
     1581	           52 	
     1582	           67 	
     1583	           62 	
     1584	           54 	
     1585	           58 	
     1586	           64 	
     1587	           40 	
     1588	           58 	
     1589	           62 	
     1590	           63 	
     1591	           49 	
     1592	           50 	
     1593	           58 	
     1594	           52 	
     1595	           55 	
     1596	           73 	
     1597	           58 	
     1598	           66 	
     1599	           58 	
     1600	           65 	
     1601	           68 	
     1602	           49 	
     1603	           65 	
     1604	           55 	
     1605	           57 	
     1606	           60 	
     1607	           70 	
     1608	           66 	
     1609	           69 	
     1610	           57 	
     1611	           64 	
     1612	           63 	
     1613	           59 	
     1614	           55 	
     1615	           47 	
     1616	           57 	
     1617	           53 	
     1618	           60 	
     1619	           51 	
     1620	           68 	
     1621	           65 	
     1622	           61 	
     1623	           60 	
     1624	           75 	
     1625	           53 	
     1626	           53 	
     1627	           56 	
     1628	           44 	
     1629	           55 	
     1630	           69 	
     1631	           75 	
     1632	           62 	
     1633	           47 	
     1634	           70 	
     1635	           65 	
     1636	           55 	
     1637	           73 	
     1638	           69 	
     1639	           69 	
     1640	           67 	
     1641	           63 	
     1642	           85 	
     1643	           50 	
     1644	           49 	
     1645	           53 	
     1646	           57 	
     1647	           53 	
     1648	           63 	
     1649	           60 	
     1650	           47 	
     1651	           53 	
     1652	           73 	
     1653	           59 	
     1654	           58 	
     1655	           69 	
     1656	           61 	
     1657	           67 	
     1658	           66 	
     1659	           59 	
     1660	           56 	
     1661	           56 	
     1662	           54 	
     1663	           75 	
     1664	           49 	
     1665	           55 	
     1666	           55 	
     1667	           61 	
     1668	           64 	
     1669	           68 	
     1670	           51 	
     1671	           56 	
     1672	           62 	
     1673	           51 	
     1674	           68 	
     1675	           48 	
     1676	           74 	
     1677	           68 	
     1678	           71 	
     1679	           71 	
     1680	           48 	
     1681	           70 	
     1682	           52 	
     1683	           59 	
     1684	           54 	
     1685	           54 	
     1686	           66 	
     1687	           70 	
     1688	           61 	
     1689	           68 	
     1690	           67 	
     1691	           67 	
     1692	           71 	
     1693	           62 	
     1694	           51 	
     1695	           61 	
     1696	           64 	
     1697	           54 	
     1698	           57 	
     1699	           61 	
     1700	           58 	
     1701	           60 	
     1702	           54 	
     1703	           44 	
     1704	           65 	
     1705	           59 	
     1706	           49 	
     1707	           70 	
     1708	           55 	
     1709	           59 	
     1710	           61 	
     1711	           56 	
     1712	           65 	
     1713	           54 	
     1714	           56 	
     1715	           61 	
     1716	           56 	
     1717	           64 	
     1718	           56 	
     1719	           54 	
     1720	           54 	
     1721	           70 	
     1722	           71 	
     1723	           74 	
     1724	           70 	
     1725	           59 	
     1726	           75 	
     1727	           56 	
     1728	           59 	
     1729	           59 	
     1730	           50 	
     1731	           63 	
     1732	           56 	
     1733	           69 	
     1734	           54 	
     1735	           54 	
     1736	           56 	
     1737	           60 	
     1738	           57 	
     1739	           47 	
     1740	           71 	
     1741	           63 	
     1742	           66 	
     1743	           71 	
     1744	           62 	
     1745	           57 	
     1746	           48 	
     1747	           54 	
     1748	           61 	
     1749	           56 	
     1750	           61 	
     1751	           68 	
     1752	           90 	
     1753	           67 	
     1754	           61 	
     1755	           47 	
     1756	           61 	
     1757	           65 	
     1758	           68 	
     1759	           60 	
     1760	           57 	
     1761	           70 	
     1762	           59 	
     1763	           55 	
     1764	           56 	
     1765	           56 	
     1766	           83 	
     1767	           54 	
     1768	           53 	
     1769	           61 	
     1770	           60 	
     1771	           71 	
     1772	           67 	
     1773	           71 	
     1774	           65 	
     1775	           60 	
     1776	           52 	
     1777	           56 	
     1778	           64 	
     1779	           62 	
     1780	           66 	
     1781	           75 	
     1782	           70 	
     1783	           77 	
     1784	           56 	
     1785	           51 	
     1786	           62 	
     1787	           58 	
     1788	           59 	
     1789	           67 	
     1790	           46 	
     1791	           64 	
     1792	           63 	
     1793	           58 	
     1794	           63 	
     1795	           62 	
     1796	           53 	
     1797	           59 	
     1798	           88 	
     1799	           41 	
     1800	           44 	
     1801	           54 	
     1802	           53 	
     1803	           65 	
     1804	           65 	
     1805	           55 	
     1806	           56 	
     1807	           58 	
     1808	           70 	
     1809	           61 	
     1810	           64 	
     1811	           55 	
     1812	           61 	
     1813	           71 	
     1814	           56 	
     1815	           61 	
     1816	           58 	
     1817	           56 	
     1818	           55 	
     1819	           70 	
     1820	           60 	
     1821	           66 	
     1822	           65 	
     1823	           62 	
     1824	           66 	
     1825	           64 	
     1826	           66 	
     1827	           55 	
     1828	           69 	
     1829	           54 	
     1830	           65 	
     1831	           68 	
     1832	           63 	
     1833	           59 	
     1834	           68 	
     1835	           73 	
     1836	           66 	
     1837	           46 	
     1838	           63 	
     1839	           55 	
     1840	           65 	
     1841	           80 	
     1842	           60 	
     1843	           52 	
     1844	           77 	
     1845	           68 	
     1846	           52 	
     1847	           53 	
     1848	           58 	
     1849	           59 	
     1850	           52 	
     1851	           58 	
     1852	           54 	
     1853	           82 	
     1854	           58 	
     1855	           54 	
     1856	           61 	
     1857	           59 	
     1858	           59 	
     1859	           69 	
     1860	           56 	
     1861	           83 	
     1862	           65 	
     1863	           59 	
     1864	           65 	
     1865	           58 	
     1866	           50 	
     1867	           76 	
     1868	           67 	
     1869	           53 	
     1870	           43 	
     1871	           55 	
     1872	           55 	
     1873	           58 	
     1874	           67 	
     1875	           68 	
     1876	           69 	
     1877	           57 	
     1878	           64 	
     1879	           51 	
     1880	           64 	
     1881	           49 	
     1882	           44 	
     1883	           53 	
     1884	           59 	
     1885	           55 	
     1886	           62 	
     1887	           54 	
     1888	           63 	
     1889	           63 	
     1890	           46 	
     1891	           68 	
     1892	           71 	
     1893	           61 	
     1894	           62 	
     1895	           58 	
     1896	           57 	
     1897	           51 	
     1898	           55 	
     1899	           65 	
     1900	           72 	
     1901	           60 	
     1902	           40 	
     1903	           55 	
     1904	           62 	
     1905	           63 	
     1906	           58 	
     1907	           54 	
     1908	           58 	
     1909	           49 	
     1910	           60 	
     1911	           69 	
     1912	           69 	
     1913	           59 	
     1914	           53 	
     1915	           64 	
     1916	           69 	
     1917	           60 	
     1918	           47 	
     1919	           54 	
     1920	           52 	
     1921	           62 	
     1922	           64 	
     1923	           63 	
     1924	           67 	
     1925	           46 	
     1926	           60 	
     1927	           65 	
     1928	           64 	
     1929	           61 	
     1930	           78 	
     1931	           64 	
     1932	           56 	
     1933	           60 	
     1934	           66 	
     1935	           54 	
     1936	           59 	
     1937	           60 	
     1938	           67 	
     1939	           53 	
     1940	           53 	
     1941	           68 	
     1942	           73 	
     1943	           79 	
     1944	           53 	
     1945	           69 	
     1946	           62 	
     1947	           69 	
     1948	           58 	
     1949	           67 	
     1950	           53 	
     1951	           70 	
     1952	           58 	
     1953	           53 	
     1954	           65 	
     1955	           54 	
     1956	           67 	
     1957	           61 	
     1958	           73 	
     1959	           53 	
     1960	           62 	
     1961	           54 	
     1962	           55 	
     1963	           43 	
     1964	           66 	
     1965	           65 	
     1966	           39 	
     1967	           62 	
     1968	           61 	
     1969	           54 	
     1970	           65 	
     1971	           48 	
     1972	           74 	
     1973	           48 	
     1974	           67 	
     1975	           65 	
     1976	           46 	
     1977	           53 	
     1978	           48 	
     1979	           54 	
     1980	           66 	
     1981	           52 	
     1982	           41 	
     1983	           66 	
     1984	           55 	
     1985	           53 	
     1986	           62 	
     1987	           68 	
     1988	           55 	
     1989	           49 	
     1990	           60 	
     1991	           49 	
     1992	           57 	
     1993	           63 	
     1994	           56 	
     1995	           53 	
     1996	           48 	
     1997	           74 	
     1998	           55 	
     1999	           55 	
     2000	           53 	
