Thorlabs Single Photon Counter Data Export

Date (YYYY-MM-DD):	2025-09-12
Time (HH:MM:SS):	23:18:12
Device Name:	SPCM50A
Serial Number:	M00296614
GUI Revision:	1.0 Build 23
Driver Revision:	1.1.0
Firmware Revision:	1.0.0

Application settings:
Operating Mode:	Free Running Timed Counter
Bin Length [ms]:	1
Time between Bins [ms]:	0.001
Pulse Blind Time [ns]:	0
Trigger Edge:	non-applicable
Array Measurement:	Yes
Array Measurement Continuously:	No
Bins per Array:	2000
Active APD Gating:	No
Fan Off:	No

Bin Number 	Counts per Bin 	Remarks
        1	           25 	
        2	           29 	
        3	           19 	
        4	           29 	
        5	           33 	
        6	           16 	
        7	           12 	
        8	           24 	
        9	           24 	
       10	           26 	
       11	           19 	
       12	           23 	
       13	           23 	
       14	           22 	
       15	           26 	
       16	           20 	
       17	           35 	
       18	           28 	
       19	           20 	
       20	           21 	
       21	           16 	
       22	           21 	
       23	           34 	
       24	           24 	
       25	           17 	
       26	           21 	
       27	           21 	
       28	           22 	
       29	           24 	
       30	           20 	
       31	           20 	
       32	           20 	
       33	           26 	
       34	           19 	
       35	           17 	
       36	           22 	
       37	           39 	
       38	           31 	
       39	           20 	
       40	           26 	
       41	           17 	
       42	           25 	
       43	           30 	
       44	           17 	
       45	           19 	
       46	           22 	
       47	           24 	
       48	           21 	
       49	           28 	
       50	           27 	
       51	           21 	
       52	           35 	
       53	           32 	
       54	           25 	
       55	           16 	
       56	           27 	
       57	           17 	
       58	           21 	
       59	           32 	
       60	           24 	
       61	           17 	
       62	           16 	
       63	           22 	
       64	           17 	
       65	           21 	
       66	           17 	
       67	           30 	
       68	           20 	
       69	           23 	
       70	           20 	
       71	           29 	
       72	           15 	
       73	           21 	
       74	           21 	
       75	           24 	
       76	           26 	
       77	           34 	
       78	           28 	
       79	           23 	
       80	           22 	
       81	           26 	
       82	           33 	
       83	           25 	
       84	           30 	
       85	           22 	
       86	           23 	
       87	           17 	
       88	           18 	
       89	           17 	
       90	           18 	
       91	           27 	
       92	           23 	
       93	           36 	
       94	           22 	
       95	           20 	
       96	           31 	
       97	           27 	
       98	           20 	
       99	           20 	
      100	           27 	
      101	           21 	
      102	           30 	
      103	           22 	
      104	           25 	
      105	           14 	
      106	           26 	
      107	           39 	
      108	           24 	
      109	           15 	
      110	           24 	
      111	           35 	
      112	           23 	
      113	           27 	
      114	           23 	
      115	           24 	
      116	           23 	
      117	           23 	
      118	           27 	
      119	           24 	
      120	           21 	
      121	           13 	
      122	           26 	
      123	           23 	
      124	           16 	
      125	           17 	
      126	            7 	
      127	           27 	
      128	           26 	
      129	           26 	
      130	           18 	
      131	           24 	
      132	           21 	
      133	           17 	
      134	           35 	
      135	           21 	
      136	           27 	
      137	           15 	
      138	           23 	
      139	           29 	
      140	           26 	
      141	           21 	
      142	           23 	
      143	           27 	
      144	           21 	
      145	           27 	
      146	           25 	
      147	           30 	
      148	           24 	
      149	           23 	
      150	           24 	
      151	           20 	
      152	           22 	
      153	           24 	
      154	           23 	
      155	           27 	
      156	           26 	
      157	           21 	
      158	           26 	
      159	           25 	
      160	           31 	
      161	           22 	
      162	           25 	
      163	           27 	
      164	           19 	
      165	           27 	
      166	           23 	
      167	           20 	
      168	           23 	
      169	           29 	
      170	           16 	
      171	           22 	
      172	           21 	
      173	           12 	
      174	           25 	
      175	           22 	
      176	           34 	
      177	           22 	
      178	           22 	
      179	           25 	
      180	           19 	
      181	           19 	
      182	           29 	
      183	           27 	
      184	           24 	
      185	           26 	
      186	           25 	
      187	           24 	
      188	           23 	
      189	           26 	
      190	           26 	
      191	           20 	
      192	           22 	
      193	           24 	
      194	           15 	
      195	           21 	
      196	           19 	
      197	           17 	
      198	           15 	
      199	           26 	
      200	           24 	
      201	           23 	
      202	           19 	
      203	           23 	
      204	           26 	
      205	           20 	
      206	           18 	
      207	           19 	
      208	           19 	
      209	           25 	
      210	           24 	
      211	           24 	
      212	           23 	
      213	           29 	
      214	           23 	
      215	           19 	
      216	           21 	
      217	           26 	
      218	           24 	
      219	           29 	
      220	           26 	
      221	           17 	
      222	           27 	
      223	           28 	
      224	           21 	
      225	           19 	
      226	           30 	
      227	           28 	
      228	           23 	
      229	           30 	
      230	           22 	
      231	           22 	
      232	           23 	
      233	           20 	
      234	           23 	
      235	           25 	
      236	           22 	
      237	           17 	
      238	           17 	
      239	           26 	
      240	           14 	
      241	           34 	
      242	           30 	
      243	           11 	
      244	           24 	
      245	           29 	
      246	           30 	
      247	           30 	
      248	           23 	
      249	           19 	
      250	           26 	
      251	           27 	
      252	           17 	
      253	           33 	
      254	           30 	
      255	           24 	
      256	           20 	
      257	           24 	
      258	           23 	
      259	           18 	
      260	           29 	
      261	           26 	
      262	           18 	
      263	           22 	
      264	           24 	
      265	           26 	
      266	           27 	
      267	           21 	
      268	           24 	
      269	           23 	
      270	           22 	
      271	           33 	
      272	           20 	
      273	           25 	
      274	           24 	
      275	           26 	
      276	           31 	
      277	           22 	
      278	           25 	
      279	           17 	
      280	           28 	
      281	           23 	
      282	           31 	
      283	           27 	
      284	           22 	
      285	           26 	
      286	           21 	
      287	           23 	
      288	           19 	
      289	           22 	
      290	           27 	
      291	           23 	
      292	           26 	
      293	           29 	
      294	           42 	
      295	           31 	
      296	           25 	
      297	           22 	
      298	           24 	
      299	           32 	
      300	           24 	
      301	           27 	
      302	           19 	
      303	           25 	
      304	           19 	
      305	           22 	
      306	           21 	
      307	           28 	
      308	           19 	
      309	           26 	
      310	           21 	
      311	           23 	
      312	           15 	
      313	           25 	
      314	           24 	
      315	           23 	
      316	           12 	
      317	           27 	
      318	           25 	
      319	           23 	
      320	           20 	
      321	           23 	
      322	           27 	
      323	           22 	
      324	           21 	
      325	           20 	
      326	           42 	
      327	           22 	
      328	           19 	
      329	           27 	
      330	           20 	
      331	           31 	
      332	           24 	
      333	           25 	
      334	           25 	
      335	           21 	
      336	           22 	
      337	           21 	
      338	           25 	
      339	           14 	
      340	           24 	
      341	           30 	
      342	           27 	
      343	           19 	
      344	           22 	
      345	           25 	
      346	           26 	
      347	           27 	
      348	           20 	
      349	           23 	
      350	           24 	
      351	           22 	
      352	           37 	
      353	           24 	
      354	           24 	
      355	           38 	
      356	           20 	
      357	           26 	
      358	           16 	
      359	           33 	
      360	           20 	
      361	           14 	
      362	           16 	
      363	           28 	
      364	           24 	
      365	           25 	
      366	           28 	
      367	           15 	
      368	           19 	
      369	           25 	
      370	           17 	
      371	           16 	
      372	           24 	
      373	           30 	
      374	           31 	
      375	           27 	
      376	           20 	
      377	           27 	
      378	           31 	
      379	           25 	
      380	           25 	
      381	           30 	
      382	           22 	
      383	           27 	
      384	           23 	
      385	           23 	
      386	           22 	
      387	           25 	
      388	           18 	
      389	           34 	
      390	           26 	
      391	           27 	
      392	           22 	
      393	           33 	
      394	           18 	
      395	           26 	
      396	           23 	
      397	           21 	
      398	           27 	
      399	           21 	
      400	           19 	
      401	           27 	
      402	           12 	
      403	           25 	
      404	           26 	
      405	           20 	
      406	           19 	
      407	           22 	
      408	           21 	
      409	           22 	
      410	           23 	
      411	           16 	
      412	           32 	
      413	           28 	
      414	           17 	
      415	           18 	
      416	           32 	
      417	           24 	
      418	           29 	
      419	           22 	
      420	           24 	
      421	           22 	
      422	           21 	
      423	           27 	
      424	           20 	
      425	           20 	
      426	           35 	
      427	           19 	
      428	           32 	
      429	           22 	
      430	           24 	
      431	           25 	
      432	           26 	
      433	           21 	
      434	           33 	
      435	           26 	
      436	           19 	
      437	           22 	
      438	           23 	
      439	           24 	
      440	           33 	
      441	           34 	
      442	           22 	
      443	           23 	
      444	           26 	
      445	           32 	
      446	           18 	
      447	           22 	
      448	           26 	
      449	           31 	
      450	           19 	
      451	           26 	
      452	           30 	
      453	           20 	
      454	           29 	
      455	           19 	
      456	           28 	
      457	           25 	
      458	           24 	
      459	           20 	
      460	           18 	
      461	           30 	
      462	           23 	
      463	           28 	
      464	           30 	
      465	           31 	
      466	           16 	
      467	           30 	
      468	           28 	
      469	           21 	
      470	           37 	
      471	           24 	
      472	           24 	
      473	           19 	
      474	           30 	
      475	           25 	
      476	           27 	
      477	           20 	
      478	           16 	
      479	           26 	
      480	           21 	
      481	           25 	
      482	           23 	
      483	           23 	
      484	           20 	
      485	           21 	
      486	           27 	
      487	           28 	
      488	           23 	
      489	           22 	
      490	           31 	
      491	           30 	
      492	           25 	
      493	           33 	
      494	           30 	
      495	           21 	
      496	           17 	
      497	           28 	
      498	           23 	
      499	           14 	
      500	           16 	
      501	           18 	
      502	           22 	
      503	           16 	
      504	           21 	
      505	           20 	
      506	           24 	
      507	           25 	
      508	           21 	
      509	           32 	
      510	           15 	
      511	           27 	
      512	           24 	
      513	           16 	
      514	           15 	
      515	           17 	
      516	           31 	
      517	           24 	
      518	           17 	
      519	           22 	
      520	           21 	
      521	           32 	
      522	           23 	
      523	           22 	
      524	           24 	
      525	           19 	
      526	           18 	
      527	           26 	
      528	           23 	
      529	           29 	
      530	           25 	
      531	           18 	
      532	           21 	
      533	           33 	
      534	           24 	
      535	           20 	
      536	           21 	
      537	           21 	
      538	           20 	
      539	           19 	
      540	           19 	
      541	           21 	
      542	           18 	
      543	           28 	
      544	           26 	
      545	           31 	
      546	           18 	
      547	           20 	
      548	           28 	
      549	           20 	
      550	           21 	
      551	           27 	
      552	           23 	
      553	           12 	
      554	           23 	
      555	           32 	
      556	           34 	
      557	           17 	
      558	           27 	
      559	           26 	
      560	           15 	
      561	           26 	
      562	           27 	
      563	           19 	
      564	           29 	
      565	           24 	
      566	           32 	
      567	           22 	
      568	           15 	
      569	           19 	
      570	           22 	
      571	           14 	
      572	           25 	
      573	           15 	
      574	           24 	
      575	           20 	
      576	           30 	
      577	           29 	
      578	           17 	
      579	           32 	
      580	           19 	
      581	           20 	
      582	           24 	
      583	           20 	
      584	           30 	
      585	           28 	
      586	           23 	
      587	           16 	
      588	           28 	
      589	           23 	
      590	           23 	
      591	           21 	
      592	           33 	
      593	           23 	
      594	           21 	
      595	           21 	
      596	           16 	
      597	           27 	
      598	           25 	
      599	           26 	
      600	           23 	
      601	           18 	
      602	           18 	
      603	           24 	
      604	           22 	
      605	           25 	
      606	           26 	
      607	           33 	
      608	           27 	
      609	           21 	
      610	           24 	
      611	           25 	
      612	           24 	
      613	           24 	
      614	           18 	
      615	           23 	
      616	           18 	
      617	           19 	
      618	           26 	
      619	           17 	
      620	           20 	
      621	           30 	
      622	           21 	
      623	           23 	
      624	           24 	
      625	           27 	
      626	           18 	
      627	           25 	
      628	           21 	
      629	           28 	
      630	           26 	
      631	           34 	
      632	           22 	
      633	           31 	
      634	           32 	
      635	           21 	
      636	           21 	
      637	           27 	
      638	           29 	
      639	           24 	
      640	           17 	
      641	           27 	
      642	           23 	
      643	           29 	
      644	           15 	
      645	           20 	
      646	           17 	
      647	           29 	
      648	           20 	
      649	           17 	
      650	           22 	
      651	           22 	
      652	           22 	
      653	           20 	
      654	           18 	
      655	           33 	
      656	           15 	
      657	           25 	
      658	           15 	
      659	           18 	
      660	           27 	
      661	           17 	
      662	           24 	
      663	           22 	
      664	           25 	
      665	           26 	
      666	           26 	
      667	           24 	
      668	           15 	
      669	           26 	
      670	           18 	
      671	           26 	
      672	           22 	
      673	           22 	
      674	           27 	
      675	           25 	
      676	           24 	
      677	           24 	
      678	           24 	
      679	           22 	
      680	           25 	
      681	           17 	
      682	           25 	
      683	           19 	
      684	           25 	
      685	           20 	
      686	           25 	
      687	           25 	
      688	           28 	
      689	           30 	
      690	           25 	
      691	           20 	
      692	           26 	
      693	           22 	
      694	           31 	
      695	           32 	
      696	           25 	
      697	           29 	
      698	           20 	
      699	           28 	
      700	           25 	
      701	           26 	
      702	           20 	
      703	           20 	
      704	           21 	
      705	           26 	
      706	           21 	
      707	           45 	
      708	           32 	
      709	           29 	
      710	           25 	
      711	           34 	
      712	           23 	
      713	           27 	
      714	           30 	
      715	           19 	
      716	           25 	
      717	           20 	
      718	           33 	
      719	           18 	
      720	           22 	
      721	           23 	
      722	           18 	
      723	           20 	
      724	           33 	
      725	           27 	
      726	           17 	
      727	           24 	
      728	           26 	
      729	           30 	
      730	           25 	
      731	           18 	
      732	           19 	
      733	           21 	
      734	           20 	
      735	           23 	
      736	           22 	
      737	           29 	
      738	           28 	
      739	           31 	
      740	           18 	
      741	           27 	
      742	           24 	
      743	           27 	
      744	           27 	
      745	           22 	
      746	           18 	
      747	           18 	
      748	           28 	
      749	           27 	
      750	           19 	
      751	           27 	
      752	           23 	
      753	           32 	
      754	           18 	
      755	           16 	
      756	           21 	
      757	           27 	
      758	           26 	
      759	           27 	
      760	           23 	
      761	           21 	
      762	           17 	
      763	           25 	
      764	           20 	
      765	           14 	
      766	           26 	
      767	           27 	
      768	           22 	
      769	           20 	
      770	           25 	
      771	           18 	
      772	           22 	
      773	           21 	
      774	           26 	
      775	           26 	
      776	           27 	
      777	           27 	
      778	           19 	
      779	           21 	
      780	           22 	
      781	           23 	
      782	           26 	
      783	           30 	
      784	           22 	
      785	           29 	
      786	           19 	
      787	           22 	
      788	           21 	
      789	           25 	
      790	           14 	
      791	           26 	
      792	           25 	
      793	           24 	
      794	           31 	
      795	           28 	
      796	           33 	
      797	           23 	
      798	           25 	
      799	           34 	
      800	           26 	
      801	           11 	
      802	           17 	
      803	           29 	
      804	           26 	
      805	           23 	
      806	           22 	
      807	           21 	
      808	           21 	
      809	           20 	
      810	           24 	
      811	           24 	
      812	           29 	
      813	           26 	
      814	           25 	
      815	           20 	
      816	           21 	
      817	           24 	
      818	           26 	
      819	           22 	
      820	           21 	
      821	           24 	
      822	           29 	
      823	           31 	
      824	           33 	
      825	           22 	
      826	           38 	
      827	           21 	
      828	           20 	
      829	           30 	
      830	           30 	
      831	           37 	
      832	           16 	
      833	           27 	
      834	           21 	
      835	           19 	
      836	           26 	
      837	           30 	
      838	           25 	
      839	           22 	
      840	           31 	
      841	           19 	
      842	           27 	
      843	           33 	
      844	           31 	
      845	           16 	
      846	           32 	
      847	           20 	
      848	           20 	
      849	           21 	
      850	           27 	
      851	           26 	
      852	           24 	
      853	           28 	
      854	           22 	
      855	           32 	
      856	           31 	
      857	           21 	
      858	           29 	
      859	           25 	
      860	           17 	
      861	           20 	
      862	           29 	
      863	           23 	
      864	           30 	
      865	           19 	
      866	           22 	
      867	           34 	
      868	           27 	
      869	           19 	
      870	           19 	
      871	           26 	
      872	           31 	
      873	           25 	
      874	           22 	
      875	           25 	
      876	           22 	
      877	           20 	
      878	           30 	
      879	           17 	
      880	           19 	
      881	           26 	
      882	           19 	
      883	           13 	
      884	           27 	
      885	           23 	
      886	           23 	
      887	           20 	
      888	           23 	
      889	           25 	
      890	           26 	
      891	           26 	
      892	           25 	
      893	           22 	
      894	           24 	
      895	           17 	
      896	           24 	
      897	           17 	
      898	           21 	
      899	           13 	
      900	           19 	
      901	           17 	
      902	           24 	
      903	           27 	
      904	           19 	
      905	           24 	
      906	           27 	
      907	           30 	
      908	           28 	
      909	           16 	
      910	           33 	
      911	           21 	
      912	           28 	
      913	           22 	
      914	           26 	
      915	           22 	
      916	           29 	
      917	           28 	
      918	           25 	
      919	           25 	
      920	           24 	
      921	           26 	
      922	           22 	
      923	           19 	
      924	           25 	
      925	           18 	
      926	           24 	
      927	           18 	
      928	           20 	
      929	           24 	
      930	           21 	
      931	           26 	
      932	           28 	
      933	           23 	
      934	           28 	
      935	           29 	
      936	           18 	
      937	           26 	
      938	           22 	
      939	           16 	
      940	           36 	
      941	           28 	
      942	           22 	
      943	           21 	
      944	           19 	
      945	           29 	
      946	           24 	
      947	           26 	
      948	           19 	
      949	           18 	
      950	           21 	
      951	           22 	
      952	           21 	
      953	           28 	
      954	           22 	
      955	           22 	
      956	           22 	
      957	           22 	
      958	           30 	
      959	           28 	
      960	           23 	
      961	           19 	
      962	           19 	
      963	           28 	
      964	           30 	
      965	           24 	
      966	           20 	
      967	           23 	
      968	           20 	
      969	           24 	
      970	           16 	
      971	           22 	
      972	           36 	
      973	           21 	
      974	           24 	
      975	           23 	
      976	           23 	
      977	           24 	
      978	           30 	
      979	           21 	
      980	           24 	
      981	           21 	
      982	           21 	
      983	           27 	
      984	           26 	
      985	           29 	
      986	           21 	
      987	           20 	
      988	           23 	
      989	           21 	
      990	           21 	
      991	           17 	
      992	           20 	
      993	           27 	
      994	           19 	
      995	           30 	
      996	           29 	
      997	           24 	
      998	           18 	
      999	           36 	
     1000	           22 	
     1001	           30 	
     1002	           27 	
     1003	           24 	
     1004	           23 	
     1005	           20 	
     1006	           27 	
     1007	           26 	
     1008	           27 	
     1009	           21 	
     1010	           27 	
     1011	           25 	
     1012	           28 	
     1013	           17 	
     1014	           17 	
     1015	           30 	
     1016	           27 	
     1017	           26 	
     1018	           28 	
     1019	           21 	
     1020	           25 	
     1021	           26 	
     1022	           22 	
     1023	           25 	
     1024	           25 	
     1025	           27 	
     1026	           21 	
     1027	           24 	
     1028	           22 	
     1029	           26 	
     1030	           17 	
     1031	           27 	
     1032	           19 	
     1033	           26 	
     1034	           31 	
     1035	           27 	
     1036	           26 	
     1037	           20 	
     1038	           35 	
     1039	           25 	
     1040	           23 	
     1041	           28 	
     1042	           19 	
     1043	           21 	
     1044	           24 	
     1045	           31 	
     1046	           31 	
     1047	           28 	
     1048	           26 	
     1049	           25 	
     1050	           22 	
     1051	           13 	
     1052	           21 	
     1053	           22 	
     1054	           36 	
     1055	           19 	
     1056	           22 	
     1057	           26 	
     1058	           24 	
     1059	           20 	
     1060	           27 	
     1061	           25 	
     1062	           28 	
     1063	           28 	
     1064	           30 	
     1065	           29 	
     1066	           25 	
     1067	           21 	
     1068	           25 	
     1069	           23 	
     1070	           26 	
     1071	           20 	
     1072	           27 	
     1073	           28 	
     1074	           21 	
     1075	           25 	
     1076	           27 	
     1077	           22 	
     1078	           33 	
     1079	           34 	
     1080	           11 	
     1081	           25 	
     1082	           33 	
     1083	           17 	
     1084	           21 	
     1085	           26 	
     1086	           27 	
     1087	           20 	
     1088	           28 	
     1089	           24 	
     1090	           26 	
     1091	           21 	
     1092	           27 	
     1093	           20 	
     1094	           20 	
     1095	           29 	
     1096	           19 	
     1097	           29 	
     1098	           20 	
     1099	           21 	
     1100	           23 	
     1101	           19 	
     1102	           18 	
     1103	           33 	
     1104	           21 	
     1105	           23 	
     1106	           24 	
     1107	           22 	
     1108	           26 	
     1109	           33 	
     1110	           24 	
     1111	           19 	
     1112	           24 	
     1113	           16 	
     1114	           26 	
     1115	           29 	
     1116	           27 	
     1117	           22 	
     1118	           20 	
     1119	           16 	
     1120	           18 	
     1121	           20 	
     1122	           29 	
     1123	           22 	
     1124	           24 	
     1125	           21 	
     1126	           21 	
     1127	           28 	
     1128	           33 	
     1129	           30 	
     1130	           17 	
     1131	           29 	
     1132	           31 	
     1133	           21 	
     1134	           31 	
     1135	           20 	
     1136	           20 	
     1137	           24 	
     1138	           21 	
     1139	           22 	
     1140	           16 	
     1141	           26 	
     1142	           25 	
     1143	           25 	
     1144	           21 	
     1145	           15 	
     1146	           29 	
     1147	           19 	
     1148	           24 	
     1149	           14 	
     1150	           29 	
     1151	           33 	
     1152	           26 	
     1153	           23 	
     1154	           27 	
     1155	           27 	
     1156	           23 	
     1157	           20 	
     1158	           28 	
     1159	           17 	
     1160	           16 	
     1161	           22 	
     1162	           24 	
     1163	           18 	
     1164	           16 	
     1165	           29 	
     1166	           26 	
     1167	           29 	
     1168	           24 	
     1169	           26 	
     1170	           27 	
     1171	           22 	
     1172	           32 	
     1173	           25 	
     1174	           17 	
     1175	           18 	
     1176	           26 	
     1177	           18 	
     1178	           17 	
     1179	           26 	
     1180	           25 	
     1181	           25 	
     1182	           13 	
     1183	           24 	
     1184	           22 	
     1185	           19 	
     1186	           25 	
     1187	           23 	
     1188	           26 	
     1189	           22 	
     1190	           20 	
     1191	           17 	
     1192	           32 	
     1193	           20 	
     1194	           35 	
     1195	           28 	
     1196	           16 	
     1197	           25 	
     1198	           18 	
     1199	           23 	
     1200	           20 	
     1201	           18 	
     1202	           17 	
     1203	           27 	
     1204	           16 	
     1205	           19 	
     1206	           26 	
     1207	           17 	
     1208	           22 	
     1209	           20 	
     1210	           23 	
     1211	           27 	
     1212	           26 	
     1213	           28 	
     1214	           31 	
     1215	           22 	
     1216	           27 	
     1217	           26 	
     1218	           23 	
     1219	           24 	
     1220	           26 	
     1221	           21 	
     1222	           28 	
     1223	           26 	
     1224	           26 	
     1225	           30 	
     1226	           27 	
     1227	           23 	
     1228	           32 	
     1229	           31 	
     1230	           28 	
     1231	           22 	
     1232	           21 	
     1233	           26 	
     1234	           27 	
     1235	           25 	
     1236	           44 	
     1237	           24 	
     1238	           21 	
     1239	           22 	
     1240	           23 	
     1241	           18 	
     1242	           23 	
     1243	           20 	
     1244	           28 	
     1245	           24 	
     1246	           35 	
     1247	           37 	
     1248	           13 	
     1249	           22 	
     1250	           27 	
     1251	           27 	
     1252	           33 	
     1253	           21 	
     1254	           18 	
     1255	           23 	
     1256	           25 	
     1257	           15 	
     1258	           31 	
     1259	           19 	
     1260	           32 	
     1261	           30 	
     1262	           26 	
     1263	           31 	
     1264	           19 	
     1265	           19 	
     1266	           26 	
     1267	           21 	
     1268	           22 	
     1269	           15 	
     1270	           30 	
     1271	           19 	
     1272	           25 	
     1273	           14 	
     1274	           22 	
     1275	           22 	
     1276	           37 	
     1277	           20 	
     1278	           35 	
     1279	           24 	
     1280	           19 	
     1281	           27 	
     1282	           22 	
     1283	           18 	
     1284	           23 	
     1285	           26 	
     1286	           12 	
     1287	           30 	
     1288	           28 	
     1289	           26 	
     1290	           20 	
     1291	           17 	
     1292	           32 	
     1293	           15 	
     1294	           20 	
     1295	           29 	
     1296	           21 	
     1297	           22 	
     1298	           36 	
     1299	           21 	
     1300	           23 	
     1301	           30 	
     1302	           31 	
     1303	           26 	
     1304	           22 	
     1305	           29 	
     1306	           28 	
     1307	           29 	
     1308	           27 	
     1309	           24 	
     1310	           22 	
     1311	           24 	
     1312	           18 	
     1313	           27 	
     1314	           33 	
     1315	           18 	
     1316	           29 	
     1317	           23 	
     1318	           22 	
     1319	           23 	
     1320	           14 	
     1321	           28 	
     1322	           15 	
     1323	           26 	
     1324	           17 	
     1325	           14 	
     1326	           28 	
     1327	           21 	
     1328	           25 	
     1329	           25 	
     1330	           20 	
     1331	           29 	
     1332	           22 	
     1333	           26 	
     1334	           32 	
     1335	           20 	
     1336	           30 	
     1337	           21 	
     1338	           23 	
     1339	           27 	
     1340	           25 	
     1341	           31 	
     1342	           19 	
     1343	           33 	
     1344	           18 	
     1345	           28 	
     1346	           19 	
     1347	           25 	
     1348	           24 	
     1349	           23 	
     1350	           25 	
     1351	           24 	
     1352	           30 	
     1353	           23 	
     1354	           20 	
     1355	           15 	
     1356	           31 	
     1357	           26 	
     1358	           23 	
     1359	           27 	
     1360	           24 	
     1361	           23 	
     1362	           22 	
     1363	           29 	
     1364	           17 	
     1365	           24 	
     1366	           27 	
     1367	           29 	
     1368	           28 	
     1369	           23 	
     1370	           24 	
     1371	           24 	
     1372	           37 	
     1373	           25 	
     1374	           24 	
     1375	           33 	
     1376	           28 	
     1377	           22 	
     1378	           36 	
     1379	           22 	
     1380	           18 	
     1381	           27 	
     1382	           25 	
     1383	           24 	
     1384	           26 	
     1385	           25 	
     1386	           27 	
     1387	           24 	
     1388	           22 	
     1389	           22 	
     1390	           26 	
     1391	           22 	
     1392	           18 	
     1393	           37 	
     1394	           30 	
     1395	           26 	
     1396	           29 	
     1397	           26 	
     1398	           31 	
     1399	           29 	
     1400	           22 	
     1401	           20 	
     1402	           20 	
     1403	           26 	
     1404	           27 	
     1405	           16 	
     1406	           24 	
     1407	           24 	
     1408	           20 	
     1409	           31 	
     1410	           18 	
     1411	           37 	
     1412	           24 	
     1413	           18 	
     1414	           21 	
     1415	           25 	
     1416	           24 	
     1417	           21 	
     1418	           30 	
     1419	           20 	
     1420	           26 	
     1421	           16 	
     1422	           26 	
     1423	           23 	
     1424	           22 	
     1425	           20 	
     1426	           19 	
     1427	           25 	
     1428	           19 	
     1429	           21 	
     1430	           22 	
     1431	           26 	
     1432	           22 	
     1433	           23 	
     1434	           26 	
     1435	           23 	
     1436	           21 	
     1437	           23 	
     1438	           18 	
     1439	           17 	
     1440	           25 	
     1441	           23 	
     1442	           25 	
     1443	           29 	
     1444	           23 	
     1445	           16 	
     1446	           29 	
     1447	           24 	
     1448	           30 	
     1449	           32 	
     1450	           17 	
     1451	           32 	
     1452	           21 	
     1453	           28 	
     1454	           25 	
     1455	           19 	
     1456	           23 	
     1457	           33 	
     1458	           28 	
     1459	           17 	
     1460	           21 	
     1461	           16 	
     1462	           24 	
     1463	           24 	
     1464	           27 	
     1465	           22 	
     1466	           20 	
     1467	           18 	
     1468	           24 	
     1469	           21 	
     1470	           21 	
     1471	           30 	
     1472	           18 	
     1473	           24 	
     1474	           17 	
     1475	           19 	
     1476	           23 	
     1477	           21 	
     1478	           24 	
     1479	           27 	
     1480	           20 	
     1481	           19 	
     1482	           19 	
     1483	           21 	
     1484	           26 	
     1485	           22 	
     1486	           25 	
     1487	           16 	
     1488	           29 	
     1489	           22 	
     1490	           30 	
     1491	           16 	
     1492	           25 	
     1493	           17 	
     1494	           18 	
     1495	           19 	
     1496	           23 	
     1497	           25 	
     1498	           28 	
     1499	           21 	
     1500	           21 	
     1501	           16 	
     1502	           23 	
     1503	           27 	
     1504	           31 	
     1505	           24 	
     1506	           24 	
     1507	           31 	
     1508	           18 	
     1509	           20 	
     1510	           20 	
     1511	           29 	
     1512	           21 	
     1513	           18 	
     1514	           23 	
     1515	           24 	
     1516	           16 	
     1517	           22 	
     1518	           22 	
     1519	           24 	
     1520	           16 	
     1521	           18 	
     1522	           24 	
     1523	           15 	
     1524	           26 	
     1525	           20 	
     1526	           18 	
     1527	           20 	
     1528	           22 	
     1529	           25 	
     1530	           23 	
     1531	           32 	
     1532	           29 	
     1533	           24 	
     1534	           28 	
     1535	           22 	
     1536	           22 	
     1537	           28 	
     1538	           26 	
     1539	           24 	
     1540	           25 	
     1541	           24 	
     1542	           23 	
     1543	           30 	
     1544	           21 	
     1545	           23 	
     1546	           19 	
     1547	           17 	
     1548	           15 	
     1549	           24 	
     1550	           34 	
     1551	           18 	
     1552	           14 	
     1553	           22 	
     1554	           19 	
     1555	           27 	
     1556	           24 	
     1557	           25 	
     1558	           21 	
     1559	           23 	
     1560	           20 	
     1561	           20 	
     1562	           14 	
     1563	           28 	
     1564	           20 	
     1565	           17 	
     1566	           26 	
     1567	           24 	
     1568	           19 	
     1569	           27 	
     1570	           19 	
     1571	           24 	
     1572	           23 	
     1573	           20 	
     1574	           23 	
     1575	           17 	
     1576	           23 	
     1577	           27 	
     1578	           22 	
     1579	           20 	
     1580	           19 	
     1581	           12 	
     1582	           17 	
     1583	           21 	
     1584	           28 	
     1585	           13 	
     1586	           23 	
     1587	           19 	
     1588	           18 	
     1589	           16 	
     1590	           27 	
     1591	           26 	
     1592	           16 	
     1593	           20 	
     1594	           30 	
     1595	           25 	
     1596	           29 	
     1597	           21 	
     1598	           24 	
     1599	           28 	
     1600	           29 	
     1601	           23 	
     1602	           18 	
     1603	           14 	
     1604	           29 	
     1605	           24 	
     1606	           32 	
     1607	           21 	
     1608	           24 	
     1609	           27 	
     1610	           16 	
     1611	           19 	
     1612	           31 	
     1613	           27 	
     1614	           21 	
     1615	           20 	
     1616	           14 	
     1617	           22 	
     1618	           20 	
     1619	           22 	
     1620	           22 	
     1621	           26 	
     1622	           19 	
     1623	           34 	
     1624	           23 	
     1625	           25 	
     1626	           27 	
     1627	           12 	
     1628	           16 	
     1629	           14 	
     1630	           18 	
     1631	           16 	
     1632	           27 	
     1633	           20 	
     1634	           16 	
     1635	           25 	
     1636	           23 	
     1637	           19 	
     1638	           17 	
     1639	           15 	
     1640	           27 	
     1641	           14 	
     1642	           22 	
     1643	           25 	
     1644	           21 	
     1645	           22 	
     1646	           24 	
     1647	           24 	
     1648	           25 	
     1649	           27 	
     1650	           19 	
     1651	           17 	
     1652	           19 	
     1653	           29 	
     1654	           29 	
     1655	           13 	
     1656	           22 	
     1657	           24 	
     1658	           19 	
     1659	           17 	
     1660	           23 	
     1661	           19 	
     1662	           21 	
     1663	           16 	
     1664	           17 	
     1665	           18 	
     1666	           19 	
     1667	           22 	
     1668	           24 	
     1669	           26 	
     1670	           16 	
     1671	           29 	
     1672	           22 	
     1673	           23 	
     1674	           27 	
     1675	           26 	
     1676	           24 	
     1677	           24 	
     1678	           21 	
     1679	           20 	
     1680	           17 	
     1681	           22 	
     1682	           19 	
     1683	           21 	
     1684	           22 	
     1685	           24 	
     1686	           18 	
     1687	           20 	
     1688	           17 	
     1689	           21 	
     1690	           19 	
     1691	           13 	
     1692	           17 	
     1693	           26 	
     1694	           18 	
     1695	           26 	
     1696	           16 	
     1697	           21 	
     1698	           19 	
     1699	           15 	
     1700	           21 	
     1701	           20 	
     1702	           17 	
     1703	           14 	
     1704	           25 	
     1705	           23 	
     1706	           24 	
     1707	           23 	
     1708	           22 	
     1709	           32 	
     1710	           23 	
     1711	           21 	
     1712	           27 	
     1713	           20 	
     1714	           25 	
     1715	           25 	
     1716	           15 	
     1717	           20 	
     1718	           18 	
     1719	           27 	
     1720	           19 	
     1721	           15 	
     1722	           27 	
     1723	           25 	
     1724	           20 	
     1725	           26 	
     1726	           19 	
     1727	           13 	
     1728	           27 	
     1729	           25 	
     1730	           17 	
     1731	           17 	
     1732	           33 	
     1733	           25 	
     1734	           24 	
     1735	           23 	
     1736	           25 	
     1737	           13 	
     1738	           18 	
     1739	           28 	
     1740	           22 	
     1741	           23 	
     1742	           17 	
     1743	           30 	
     1744	           25 	
     1745	           18 	
     1746	           25 	
     1747	           21 	
     1748	           27 	
     1749	           26 	
     1750	           28 	
     1751	           22 	
     1752	           17 	
     1753	           26 	
     1754	           20 	
     1755	           17 	
     1756	           25 	
     1757	           27 	
     1758	           19 	
     1759	           31 	
     1760	           30 	
     1761	           27 	
     1762	           22 	
     1763	           16 	
     1764	           26 	
     1765	           21 	
     1766	           25 	
     1767	           19 	
     1768	           22 	
     1769	           24 	
     1770	           24 	
     1771	           24 	
     1772	           22 	
     1773	           25 	
     1774	           20 	
     1775	           21 	
     1776	           33 	
     1777	           21 	
     1778	           20 	
     1779	           18 	
     1780	           21 	
     1781	           21 	
     1782	           20 	
     1783	           22 	
     1784	           15 	
     1785	           20 	
     1786	           17 	
     1787	           20 	
     1788	           22 	
     1789	           30 	
     1790	           15 	
     1791	           22 	
     1792	           21 	
     1793	           21 	
     1794	           22 	
     1795	           30 	
     1796	           32 	
     1797	           25 	
     1798	           31 	
     1799	           23 	
     1800	           20 	
     1801	           24 	
     1802	           19 	
     1803	           17 	
     1804	           18 	
     1805	           16 	
     1806	           28 	
     1807	           20 	
     1808	           21 	
     1809	           27 	
     1810	           22 	
     1811	           28 	
     1812	           28 	
     1813	           15 	
     1814	           24 	
     1815	           25 	
     1816	           31 	
     1817	           19 	
     1818	           28 	
     1819	           18 	
     1820	           19 	
     1821	           16 	
     1822	           19 	
     1823	           16 	
     1824	           26 	
     1825	           22 	
     1826	           27 	
     1827	           17 	
     1828	           21 	
     1829	           30 	
     1830	           12 	
     1831	           21 	
     1832	           23 	
     1833	           26 	
     1834	           15 	
     1835	           19 	
     1836	           24 	
     1837	           18 	
     1838	           26 	
     1839	           20 	
     1840	           25 	
     1841	           20 	
     1842	           18 	
     1843	           17 	
     1844	           18 	
     1845	           22 	
     1846	           17 	
     1847	           19 	
     1848	           18 	
     1849	           22 	
     1850	           23 	
     1851	           24 	
     1852	           23 	
     1853	           23 	
     1854	           25 	
     1855	           26 	
     1856	           16 	
     1857	           21 	
     1858	           25 	
     1859	           20 	
     1860	           27 	
     1861	           15 	
     1862	           21 	
     1863	           20 	
     1864	           17 	
     1865	           23 	
     1866	           17 	
     1867	           30 	
     1868	           21 	
     1869	           26 	
     1870	           23 	
     1871	           19 	
     1872	           23 	
     1873	           20 	
     1874	           23 	
     1875	           17 	
     1876	           13 	
     1877	           23 	
     1878	           29 	
     1879	           22 	
     1880	           22 	
     1881	           19 	
     1882	           14 	
     1883	           18 	
     1884	           17 	
     1885	           18 	
     1886	           16 	
     1887	           19 	
     1888	           26 	
     1889	           21 	
     1890	           21 	
     1891	           26 	
     1892	           22 	
     1893	           18 	
     1894	           27 	
     1895	           19 	
     1896	           25 	
     1897	           27 	
     1898	           17 	
     1899	           30 	
     1900	           22 	
     1901	           23 	
     1902	           25 	
     1903	           18 	
     1904	           20 	
     1905	           18 	
     1906	           26 	
     1907	           26 	
     1908	           23 	
     1909	           25 	
     1910	           23 	
     1911	           28 	
     1912	           24 	
     1913	           22 	
     1914	           26 	
     1915	           15 	
     1916	           12 	
     1917	           21 	
     1918	           16 	
     1919	           21 	
     1920	           21 	
     1921	           21 	
     1922	           19 	
     1923	           24 	
     1924	           22 	
     1925	           16 	
     1926	           21 	
     1927	           32 	
     1928	           21 	
     1929	           22 	
     1930	           25 	
     1931	           23 	
     1932	           23 	
     1933	           28 	
     1934	           25 	
     1935	           14 	
     1936	           21 	
     1937	           23 	
     1938	            9 	
     1939	           21 	
     1940	           20 	
     1941	           25 	
     1942	           18 	
     1943	           16 	
     1944	           18 	
     1945	           22 	
     1946	           20 	
     1947	           13 	
     1948	           24 	
     1949	           24 	
     1950	           18 	
     1951	           19 	
     1952	           23 	
     1953	           16 	
     1954	           22 	
     1955	           18 	
     1956	           15 	
     1957	           20 	
     1958	           23 	
     1959	           22 	
     1960	           17 	
     1961	           23 	
     1962	           21 	
     1963	           24 	
     1964	           26 	
     1965	           24 	
     1966	           16 	
     1967	           28 	
     1968	           28 	
     1969	           19 	
     1970	           25 	
     1971	           19 	
     1972	           20 	
     1973	           17 	
     1974	           20 	
     1975	           23 	
     1976	           19 	
     1977	           22 	
     1978	           22 	
     1979	           20 	
     1980	           18 	
     1981	           21 	
     1982	           16 	
     1983	           26 	
     1984	           16 	
     1985	           30 	
     1986	           15 	
     1987	           27 	
     1988	           20 	
     1989	           23 	
     1990	           13 	
     1991	           17 	
     1992	           25 	
     1993	           26 	
     1994	           24 	
     1995	           15 	
     1996	           29 	
     1997	           19 	
     1998	           26 	
     1999	           17 	
     2000	           23 	
