Thorlabs Single Photon Counter Data Export

Date (YYYY-MM-DD):	2025-09-12
Time (HH:MM:SS):	23:24:43
Device Name:	SPCM50A
Serial Number:	M00296614
GUI Revision:	1.0 Build 23
Driver Revision:	1.1.0
Firmware Revision:	1.0.0

Application settings:
Operating Mode:	Free Running Timed Counter
Bin Length [ms]:	1
Time between Bins [ms]:	0.001
Pulse Blind Time [ns]:	0
Trigger Edge:	non-applicable
Array Measurement:	Yes
Array Measurement Continuously:	No
Bins per Array:	2000
Active APD Gating:	No
Fan Off:	No

Bin Number 	Counts per Bin 	Remarks
        1	           78 	
        2	           77 	
        3	           56 	
        4	           94 	
        5	           77 	
        6	           58 	
        7	           71 	
        8	           70 	
        9	           78 	
       10	           86 	
       11	           66 	
       12	           73 	
       13	           78 	
       14	           83 	
       15	           79 	
       16	           68 	
       17	           82 	
       18	           67 	
       19	           76 	
       20	           75 	
       21	           70 	
       22	           60 	
       23	           71 	
       24	           68 	
       25	           85 	
       26	           63 	
       27	           74 	
       28	           63 	
       29	           85 	
       30	           55 	
       31	           68 	
       32	           63 	
       33	           56 	
       34	           70 	
       35	           66 	
       36	           82 	
       37	           68 	
       38	           74 	
       39	           80 	
       40	           64 	
       41	           87 	
       42	           76 	
       43	           69 	
       44	           84 	
       45	           80 	
       46	           79 	
       47	           61 	
       48	           74 	
       49	           74 	
       50	           74 	
       51	           64 	
       52	           75 	
       53	           75 	
       54	           63 	
       55	           74 	
       56	           63 	
       57	           72 	
       58	           79 	
       59	           67 	
       60	           95 	
       61	           78 	
       62	           68 	
       63	           65 	
       64	           64 	
       65	           88 	
       66	           84 	
       67	           82 	
       68	           80 	
       69	           86 	
       70	           70 	
       71	           73 	
       72	           83 	
       73	           77 	
       74	           68 	
       75	           76 	
       76	           97 	
       77	           83 	
       78	           81 	
       79	           77 	
       80	           75 	
       81	           86 	
       82	           74 	
       83	           68 	
       84	           65 	
       85	           65 	
       86	           88 	
       87	           87 	
       88	           89 	
       89	           62 	
       90	           76 	
       91	           88 	
       92	           83 	
       93	           67 	
       94	           73 	
       95	           71 	
       96	           57 	
       97	           66 	
       98	           71 	
       99	           90 	
      100	           86 	
      101	           61 	
      102	           76 	
      103	           72 	
      104	           70 	
      105	           73 	
      106	           80 	
      107	           82 	
      108	           60 	
      109	           61 	
      110	           67 	
      111	           70 	
      112	           78 	
      113	           80 	
      114	           85 	
      115	           67 	
      116	           81 	
      117	           74 	
      118	           79 	
      119	           64 	
      120	           81 	
      121	           78 	
      122	           77 	
      123	           69 	
      124	           85 	
      125	           80 	
      126	           91 	
      127	           88 	
      128	           79 	
      129	           76 	
      130	           71 	
      131	           89 	
      132	           82 	
      133	           59 	
      134	           94 	
      135	           82 	
      136	           65 	
      137	           78 	
      138	           86 	
      139	           77 	
      140	           85 	
      141	           63 	
      142	           62 	
      143	           60 	
      144	           81 	
      145	           83 	
      146	           74 	
      147	           89 	
      148	           66 	
      149	           76 	
      150	           71 	
      151	           79 	
      152	           84 	
      153	          100 	
      154	           63 	
      155	           75 	
      156	           74 	
      157	           87 	
      158	           70 	
      159	           68 	
      160	           77 	
      161	           78 	
      162	           74 	
      163	           73 	
      164	           83 	
      165	           50 	
      166	           63 	
      167	           73 	
      168	           73 	
      169	           65 	
      170	           77 	
      171	           83 	
      172	           73 	
      173	           60 	
      174	           76 	
      175	           67 	
      176	           75 	
      177	           77 	
      178	           69 	
      179	           87 	
      180	           62 	
      181	           68 	
      182	           79 	
      183	           62 	
      184	           68 	
      185	           70 	
      186	           66 	
      187	           67 	
      188	           75 	
      189	           81 	
      190	           76 	
      191	           73 	
      192	           79 	
      193	           83 	
      194	           69 	
      195	           65 	
      196	           77 	
      197	           76 	
      198	           72 	
      199	           79 	
      200	           76 	
      201	           62 	
      202	           62 	
      203	           67 	
      204	           76 	
      205	           84 	
      206	           81 	
      207	           68 	
      208	           73 	
      209	           91 	
      210	           81 	
      211	           84 	
      212	           94 	
      213	           86 	
      214	           76 	
      215	           62 	
      216	           69 	
      217	           79 	
      218	           77 	
      219	           75 	
      220	           59 	
      221	           72 	
      222	           74 	
      223	           80 	
      224	           67 	
      225	           65 	
      226	           75 	
      227	           81 	
      228	           75 	
      229	           66 	
      230	           62 	
      231	           80 	
      232	           63 	
      233	           79 	
      234	           66 	
      235	           84 	
      236	           79 	
      237	           77 	
      238	           75 	
      239	           78 	
      240	           66 	
      241	           72 	
      242	           69 	
      243	           76 	
      244	           87 	
      245	           87 	
      246	           90 	
      247	           69 	
      248	           65 	
      249	           72 	
      250	           85 	
      251	           84 	
      252	           75 	
      253	           66 	
      254	           74 	
      255	           64 	
      256	           81 	
      257	           69 	
      258	           70 	
      259	           82 	
      260	           70 	
      261	           75 	
      262	           56 	
      263	           78 	
      264	           67 	
      265	           71 	
      266	           61 	
      267	           89 	
      268	           60 	
      269	           85 	
      270	           93 	
      271	           79 	
      272	           64 	
      273	           77 	
      274	           67 	
      275	           80 	
      276	           87 	
      277	           76 	
      278	           73 	
      279	           74 	
      280	           76 	
      281	           62 	
      282	           67 	
      283	           88 	
      284	           66 	
      285	           77 	
      286	           66 	
      287	           68 	
      288	           72 	
      289	           68 	
      290	           72 	
      291	           67 	
      292	           66 	
      293	           62 	
      294	           78 	
      295	           77 	
      296	           75 	
      297	           78 	
      298	           66 	
      299	           73 	
      300	           92 	
      301	           66 	
      302	           88 	
      303	           75 	
      304	           76 	
      305	           67 	
      306	           82 	
      307	           88 	
      308	           73 	
      309	           80 	
      310	           63 	
      311	           81 	
      312	           79 	
      313	           69 	
      314	           70 	
      315	           62 	
      316	           72 	
      317	           82 	
      318	           74 	
      319	           50 	
      320	           54 	
      321	           66 	
      322	           73 	
      323	           65 	
      324	           88 	
      325	           69 	
      326	           93 	
      327	           89 	
      328	           72 	
      329	           70 	
      330	           76 	
      331	           82 	
      332	           65 	
      333	           82 	
      334	           67 	
      335	           77 	
      336	           67 	
      337	           94 	
      338	           88 	
      339	           69 	
      340	           81 	
      341	           86 	
      342	           62 	
      343	           73 	
      344	           84 	
      345	           80 	
      346	           73 	
      347	           64 	
      348	           66 	
      349	           59 	
      350	           84 	
      351	           72 	
      352	           76 	
      353	           68 	
      354	           80 	
      355	           62 	
      356	           84 	
      357	           72 	
      358	           72 	
      359	           84 	
      360	           80 	
      361	           88 	
      362	           81 	
      363	           76 	
      364	           78 	
      365	           78 	
      366	           78 	
      367	           63 	
      368	           67 	
      369	           70 	
      370	           66 	
      371	           89 	
      372	           74 	
      373	           65 	
      374	           77 	
      375	           58 	
      376	           74 	
      377	           84 	
      378	           69 	
      379	           59 	
      380	           80 	
      381	           62 	
      382	           76 	
      383	           80 	
      384	           63 	
      385	           70 	
      386	           80 	
      387	           57 	
      388	           84 	
      389	           88 	
      390	           76 	
      391	           70 	
      392	           64 	
      393	           95 	
      394	           79 	
      395	           71 	
      396	           78 	
      397	           83 	
      398	           54 	
      399	           84 	
      400	           70 	
      401	           67 	
      402	           83 	
      403	           66 	
      404	           73 	
      405	           65 	
      406	           82 	
      407	           67 	
      408	           78 	
      409	           61 	
      410	           84 	
      411	           76 	
      412	           80 	
      413	           63 	
      414	           79 	
      415	           77 	
      416	           85 	
      417	           67 	
      418	           74 	
      419	           81 	
      420	           73 	
      421	           75 	
      422	           63 	
      423	           76 	
      424	           66 	
      425	           81 	
      426	           77 	
      427	           67 	
      428	           88 	
      429	           76 	
      430	           82 	
      431	           67 	
      432	           68 	
      433	           67 	
      434	           72 	
      435	           70 	
      436	           87 	
      437	           80 	
      438	           74 	
      439	           71 	
      440	           87 	
      441	           77 	
      442	           64 	
      443	           81 	
      444	           58 	
      445	           77 	
      446	           80 	
      447	           65 	
      448	           79 	
      449	           65 	
      450	           59 	
      451	           73 	
      452	           74 	
      453	           74 	
      454	           80 	
      455	           78 	
      456	           75 	
      457	           77 	
      458	           90 	
      459	           79 	
      460	           71 	
      461	           70 	
      462	           83 	
      463	           78 	
      464	           79 	
      465	           78 	
      466	           72 	
      467	           70 	
      468	           73 	
      469	           64 	
      470	           66 	
      471	           71 	
      472	           75 	
      473	           80 	
      474	           87 	
      475	           69 	
      476	           75 	
      477	           54 	
      478	           73 	
      479	           63 	
      480	           83 	
      481	           63 	
      482	           55 	
      483	           71 	
      484	           86 	
      485	           83 	
      486	           73 	
      487	           72 	
      488	           75 	
      489	           63 	
      490	           43 	
      491	           83 	
      492	           62 	
      493	           69 	
      494	           80 	
      495	           61 	
      496	           96 	
      497	           67 	
      498	           80 	
      499	           72 	
      500	           70 	
      501	           98 	
      502	           72 	
      503	           66 	
      504	           81 	
      505	           71 	
      506	           71 	
      507	           85 	
      508	           77 	
      509	           72 	
      510	           73 	
      511	           67 	
      512	           68 	
      513	           91 	
      514	           76 	
      515	           72 	
      516	           79 	
      517	           62 	
      518	           78 	
      519	           58 	
      520	           67 	
      521	           74 	
      522	           85 	
      523	           80 	
      524	           70 	
      525	           94 	
      526	           69 	
      527	           79 	
      528	           74 	
      529	           92 	
      530	           77 	
      531	           85 	
      532	           92 	
      533	           64 	
      534	           76 	
      535	           66 	
      536	           75 	
      537	           87 	
      538	           59 	
      539	           76 	
      540	           76 	
      541	           86 	
      542	           69 	
      543	           92 	
      544	           82 	
      545	           82 	
      546	           80 	
      547	           59 	
      548	           80 	
      549	           58 	
      550	           71 	
      551	           66 	
      552	           75 	
      553	           75 	
      554	           63 	
      555	           57 	
      556	           73 	
      557	           80 	
      558	           72 	
      559	           70 	
      560	           75 	
      561	           61 	
      562	           64 	
      563	           87 	
      564	           85 	
      565	           67 	
      566	           68 	
      567	           74 	
      568	           87 	
      569	           81 	
      570	           63 	
      571	           74 	
      572	           64 	
      573	           70 	
      574	           90 	
      575	           65 	
      576	           72 	
      577	           60 	
      578	           69 	
      579	           79 	
      580	           90 	
      581	           66 	
      582	           70 	
      583	           67 	
      584	           63 	
      585	           66 	
      586	           79 	
      587	           69 	
      588	           80 	
      589	           77 	
      590	           58 	
      591	           58 	
      592	           74 	
      593	           61 	
      594	           67 	
      595	           60 	
      596	           62 	
      597	           80 	
      598	           86 	
      599	           69 	
      600	           65 	
      601	           67 	
      602	           71 	
      603	           78 	
      604	           90 	
      605	           84 	
      606	           77 	
      607	           49 	
      608	           68 	
      609	           65 	
      610	           63 	
      611	           89 	
      612	           65 	
      613	           73 	
      614	           76 	
      615	           63 	
      616	           63 	
      617	           59 	
      618	           80 	
      619	           71 	
      620	           61 	
      621	           75 	
      622	           72 	
      623	           70 	
      624	           80 	
      625	           90 	
      626	           69 	
      627	           72 	
      628	           60 	
      629	           57 	
      630	           81 	
      631	           84 	
      632	           63 	
      633	           69 	
      634	           66 	
      635	           65 	
      636	           55 	
      637	           82 	
      638	           57 	
      639	           63 	
      640	           70 	
      641	           86 	
      642	           65 	
      643	           71 	
      644	           80 	
      645	           56 	
      646	           71 	
      647	           70 	
      648	           67 	
      649	           60 	
      650	           93 	
      651	           77 	
      652	           75 	
      653	           72 	
      654	           78 	
      655	           73 	
      656	           67 	
      657	           88 	
      658	           76 	
      659	           85 	
      660	           74 	
      661	           60 	
      662	           74 	
      663	           46 	
      664	           54 	
      665	           72 	
      666	           73 	
      667	           75 	
      668	           86 	
      669	           69 	
      670	           73 	
      671	           91 	
      672	           98 	
      673	           89 	
      674	           59 	
      675	           74 	
      676	           66 	
      677	           78 	
      678	           73 	
      679	           70 	
      680	           89 	
      681	           61 	
      682	           69 	
      683	           79 	
      684	           62 	
      685	           75 	
      686	           76 	
      687	           76 	
      688	           76 	
      689	           67 	
      690	           72 	
      691	           74 	
      692	           73 	
      693	           73 	
      694	           73 	
      695	           76 	
      696	           78 	
      697	           76 	
      698	           73 	
      699	           69 	
      700	           71 	
      701	           90 	
      702	           73 	
      703	           85 	
      704	           65 	
      705	           76 	
      706	           54 	
      707	           89 	
      708	           87 	
      709	           76 	
      710	           69 	
      711	           71 	
      712	           59 	
      713	           70 	
      714	           59 	
      715	           64 	
      716	           86 	
      717	           81 	
      718	           73 	
      719	           72 	
      720	           68 	
      721	           92 	
      722	           74 	
      723	           59 	
      724	           74 	
      725	           76 	
      726	           65 	
      727	           71 	
      728	           77 	
      729	           81 	
      730	           72 	
      731	           65 	
      732	           70 	
      733	           89 	
      734	           85 	
      735	           81 	
      736	           64 	
      737	           90 	
      738	           68 	
      739	           93 	
      740	           74 	
      741	           74 	
      742	           71 	
      743	           75 	
      744	           71 	
      745	           63 	
      746	           72 	
      747	           73 	
      748	           83 	
      749	           69 	
      750	           70 	
      751	           77 	
      752	           69 	
      753	           64 	
      754	           76 	
      755	           62 	
      756	           79 	
      757	           85 	
      758	           76 	
      759	           71 	
      760	           77 	
      761	           69 	
      762	           85 	
      763	           88 	
      764	           73 	
      765	           77 	
      766	           91 	
      767	           55 	
      768	          103 	
      769	           64 	
      770	           76 	
      771	           72 	
      772	           82 	
      773	           90 	
      774	           65 	
      775	           66 	
      776	           67 	
      777	           69 	
      778	           78 	
      779	           85 	
      780	           79 	
      781	           77 	
      782	           83 	
      783	           67 	
      784	           60 	
      785	           70 	
      786	           63 	
      787	           73 	
      788	           72 	
      789	           72 	
      790	           70 	
      791	           73 	
      792	           60 	
      793	           70 	
      794	           76 	
      795	           69 	
      796	           72 	
      797	           65 	
      798	           73 	
      799	           72 	
      800	           67 	
      801	           55 	
      802	           58 	
      803	           85 	
      804	           68 	
      805	           64 	
      806	           69 	
      807	           77 	
      808	           76 	
      809	           63 	
      810	           68 	
      811	           86 	
      812	           72 	
      813	           67 	
      814	           69 	
      815	           58 	
      816	           69 	
      817	           69 	
      818	           66 	
      819	           74 	
      820	           65 	
      821	           64 	
      822	           63 	
      823	           81 	
      824	           86 	
      825	           76 	
      826	           77 	
      827	           68 	
      828	           76 	
      829	           70 	
      830	           70 	
      831	           60 	
      832	           72 	
      833	           66 	
      834	           74 	
      835	           75 	
      836	           63 	
      837	           75 	
      838	           83 	
      839	           86 	
      840	           75 	
      841	           70 	
      842	           85 	
      843	           89 	
      844	           83 	
      845	           77 	
      846	           76 	
      847	           85 	
      848	           81 	
      849	           79 	
      850	           71 	
      851	           72 	
      852	           90 	
      853	           73 	
      854	           58 	
      855	           72 	
      856	           69 	
      857	           76 	
      858	           87 	
      859	           68 	
      860	           72 	
      861	           72 	
      862	           66 	
      863	           63 	
      864	           77 	
      865	           70 	
      866	           73 	
      867	           78 	
      868	           74 	
      869	           74 	
      870	           58 	
      871	           71 	
      872	           60 	
      873	           73 	
      874	           80 	
      875	           55 	
      876	           79 	
      877	           69 	
      878	           73 	
      879	           74 	
      880	           59 	
      881	           83 	
      882	           78 	
      883	           75 	
      884	           68 	
      885	           74 	
      886	           77 	
      887	           73 	
      888	           72 	
      889	           75 	
      890	           70 	
      891	           83 	
      892	           93 	
      893	           79 	
      894	           62 	
      895	           66 	
      896	           76 	
      897	           86 	
      898	           78 	
      899	           67 	
      900	           74 	
      901	           71 	
      902	           75 	
      903	           77 	
      904	           65 	
      905	           66 	
      906	           76 	
      907	           69 	
      908	           67 	
      909	           76 	
      910	           75 	
      911	           73 	
      912	           61 	
      913	           70 	
      914	           80 	
      915	           76 	
      916	           61 	
      917	           90 	
      918	           72 	
      919	           71 	
      920	           71 	
      921	           78 	
      922	           77 	
      923	           68 	
      924	           60 	
      925	           85 	
      926	           68 	
      927	           76 	
      928	           63 	
      929	           66 	
      930	           66 	
      931	           74 	
      932	           80 	
      933	           81 	
      934	           73 	
      935	           72 	
      936	           76 	
      937	           59 	
      938	           72 	
      939	           68 	
      940	           57 	
      941	           54 	
      942	           70 	
      943	           74 	
      944	           78 	
      945	           79 	
      946	           79 	
      947	           85 	
      948	           81 	
      949	           93 	
      950	           76 	
      951	           82 	
      952	           73 	
      953	           77 	
      954	           78 	
      955	           87 	
      956	           74 	
      957	           81 	
      958	           80 	
      959	           69 	
      960	           59 	
      961	           74 	
      962	           73 	
      963	           61 	
      964	           74 	
      965	           68 	
      966	           81 	
      967	           70 	
      968	           72 	
      969	           65 	
      970	           72 	
      971	           86 	
      972	           73 	
      973	           79 	
      974	           67 	
      975	           81 	
      976	           75 	
      977	           72 	
      978	           59 	
      979	           60 	
      980	           57 	
      981	           83 	
      982	           75 	
      983	           79 	
      984	           71 	
      985	           65 	
      986	           68 	
      987	           65 	
      988	           82 	
      989	           71 	
      990	           72 	
      991	           79 	
      992	           82 	
      993	           79 	
      994	           84 	
      995	           61 	
      996	           76 	
      997	           68 	
      998	           72 	
      999	           79 	
     1000	           57 	
     1001	           60 	
     1002	           66 	
     1003	           78 	
     1004	           71 	
     1005	           65 	
     1006	           76 	
     1007	           69 	
     1008	           79 	
     1009	           67 	
     1010	           71 	
     1011	           75 	
     1012	           70 	
     1013	           85 	
     1014	           72 	
     1015	           83 	
     1016	           64 	
     1017	           72 	
     1018	           86 	
     1019	           79 	
     1020	           89 	
     1021	           66 	
     1022	           93 	
     1023	           63 	
     1024	           72 	
     1025	           65 	
     1026	           84 	
     1027	           71 	
     1028	           65 	
     1029	           71 	
     1030	           81 	
     1031	           69 	
     1032	           69 	
     1033	           65 	
     1034	           74 	
     1035	           71 	
     1036	           80 	
     1037	           63 	
     1038	           86 	
     1039	           77 	
     1040	           61 	
     1041	           78 	
     1042	           86 	
     1043	           72 	
     1044	           87 	
     1045	           64 	
     1046	           73 	
     1047	           64 	
     1048	           71 	
     1049	           80 	
     1050	           75 	
     1051	           65 	
     1052	           70 	
     1053	           76 	
     1054	           74 	
     1055	           62 	
     1056	           60 	
     1057	           63 	
     1058	           75 	
     1059	           75 	
     1060	           72 	
     1061	           74 	
     1062	           59 	
     1063	           70 	
     1064	           68 	
     1065	           74 	
     1066	           72 	
     1067	           78 	
     1068	           85 	
     1069	           81 	
     1070	           88 	
     1071	           67 	
     1072	           85 	
     1073	           70 	
     1074	           72 	
     1075	           71 	
     1076	           72 	
     1077	           65 	
     1078	           57 	
     1079	           77 	
     1080	           64 	
     1081	           64 	
     1082	           68 	
     1083	           78 	
     1084	           75 	
     1085	           71 	
     1086	           82 	
     1087	           58 	
     1088	           78 	
     1089	           67 	
     1090	           82 	
     1091	           70 	
     1092	           72 	
     1093	           75 	
     1094	           75 	
     1095	           72 	
     1096	           75 	
     1097	           72 	
     1098	           72 	
     1099	           76 	
     1100	           59 	
     1101	           77 	
     1102	           80 	
     1103	           58 	
     1104	           86 	
     1105	           60 	
     1106	           70 	
     1107	           80 	
     1108	           87 	
     1109	           78 	
     1110	           73 	
     1111	           82 	
     1112	           69 	
     1113	           75 	
     1114	           83 	
     1115	           74 	
     1116	           73 	
     1117	           66 	
     1118	           63 	
     1119	           87 	
     1120	           78 	
     1121	           73 	
     1122	           71 	
     1123	           62 	
     1124	           69 	
     1125	           88 	
     1126	           73 	
     1127	           67 	
     1128	           69 	
     1129	           79 	
     1130	           94 	
     1131	           63 	
     1132	           75 	
     1133	           67 	
     1134	           59 	
     1135	           82 	
     1136	           66 	
     1137	           70 	
     1138	           83 	
     1139	           72 	
     1140	           71 	
     1141	           70 	
     1142	           73 	
     1143	           83 	
     1144	           79 	
     1145	           77 	
     1146	           85 	
     1147	           80 	
     1148	           70 	
     1149	           64 	
     1150	           72 	
     1151	           71 	
     1152	           89 	
     1153	           79 	
     1154	           68 	
     1155	           58 	
     1156	           76 	
     1157	           92 	
     1158	           74 	
     1159	           51 	
     1160	           70 	
     1161	           79 	
     1162	           90 	
     1163	           68 	
     1164	           68 	
     1165	           65 	
     1166	           71 	
     1167	           69 	
     1168	           51 	
     1169	           69 	
     1170	           75 	
     1171	           65 	
     1172	           64 	
     1173	           72 	
     1174	           73 	
     1175	           77 	
     1176	           62 	
     1177	           68 	
     1178	           87 	
     1179	           75 	
     1180	           78 	
     1181	           75 	
     1182	           86 	
     1183	           68 	
     1184	           77 	
     1185	           61 	
     1186	           74 	
     1187	           71 	
     1188	           66 	
     1189	           81 	
     1190	           64 	
     1191	           71 	
     1192	           86 	
     1193	           60 	
     1194	           69 	
     1195	           74 	
     1196	           77 	
     1197	           66 	
     1198	           60 	
     1199	           60 	
     1200	           69 	
     1201	           72 	
     1202	           91 	
     1203	           78 	
     1204	           80 	
     1205	           55 	
     1206	           58 	
     1207	           69 	
     1208	           64 	
     1209	           78 	
     1210	           73 	
     1211	           72 	
     1212	           65 	
     1213	           73 	
     1214	           77 	
     1215	           67 	
     1216	           72 	
     1217	           72 	
     1218	           65 	
     1219	           57 	
     1220	           63 	
     1221	           69 	
     1222	           66 	
     1223	           60 	
     1224	           69 	
     1225	           77 	
     1226	           74 	
     1227	           77 	
     1228	           80 	
     1229	           67 	
     1230	           88 	
     1231	           85 	
     1232	           72 	
     1233	           85 	
     1234	           50 	
     1235	           75 	
     1236	           65 	
     1237	           76 	
     1238	           74 	
     1239	           72 	
     1240	           90 	
     1241	           66 	
     1242	           66 	
     1243	           86 	
     1244	           67 	
     1245	           81 	
     1246	           67 	
     1247	           66 	
     1248	           63 	
     1249	           63 	
     1250	           97 	
     1251	           58 	
     1252	           77 	
     1253	           79 	
     1254	           66 	
     1255	           70 	
     1256	           75 	
     1257	           76 	
     1258	           78 	
     1259	           64 	
     1260	           61 	
     1261	           86 	
     1262	           78 	
     1263	           89 	
     1264	           77 	
     1265	           75 	
     1266	           58 	
     1267	           76 	
     1268	           63 	
     1269	           70 	
     1270	           82 	
     1271	           89 	
     1272	           75 	
     1273	           85 	
     1274	           62 	
     1275	           91 	
     1276	           68 	
     1277	           72 	
     1278	           75 	
     1279	           78 	
     1280	           75 	
     1281	           91 	
     1282	           80 	
     1283	           87 	
     1284	           68 	
     1285	           78 	
     1286	           78 	
     1287	           70 	
     1288	           68 	
     1289	           60 	
     1290	           82 	
     1291	           72 	
     1292	           72 	
     1293	           71 	
     1294	           74 	
     1295	           71 	
     1296	           63 	
     1297	           82 	
     1298	           75 	
     1299	           51 	
     1300	           66 	
     1301	           70 	
     1302	           60 	
     1303	           59 	
     1304	           72 	
     1305	           69 	
     1306	           70 	
     1307	           63 	
     1308	           81 	
     1309	           56 	
     1310	           86 	
     1311	           92 	
     1312	           67 	
     1313	           72 	
     1314	           84 	
     1315	           78 	
     1316	           69 	
     1317	           86 	
     1318	           67 	
     1319	           73 	
     1320	           52 	
     1321	           91 	
     1322	           87 	
     1323	           67 	
     1324	           74 	
     1325	           71 	
     1326	           83 	
     1327	           82 	
     1328	           77 	
     1329	           84 	
     1330	           66 	
     1331	           61 	
     1332	           73 	
     1333	           77 	
     1334	           71 	
     1335	           71 	
     1336	           76 	
     1337	           62 	
     1338	           81 	
     1339	           75 	
     1340	           66 	
     1341	           93 	
     1342	           59 	
     1343	           79 	
     1344	           80 	
     1345	           74 	
     1346	           85 	
     1347	           91 	
     1348	           77 	
     1349	           96 	
     1350	           75 	
     1351	           82 	
     1352	           63 	
     1353	           72 	
     1354	           81 	
     1355	           70 	
     1356	           84 	
     1357	           77 	
     1358	           70 	
     1359	           72 	
     1360	           64 	
     1361	           95 	
     1362	           78 	
     1363	           81 	
     1364	           68 	
     1365	           86 	
     1366	           61 	
     1367	           61 	
     1368	           73 	
     1369	           87 	
     1370	           71 	
     1371	           74 	
     1372	           82 	
     1373	           78 	
     1374	           72 	
     1375	           78 	
     1376	           93 	
     1377	           74 	
     1378	           81 	
     1379	           60 	
     1380	           78 	
     1381	           58 	
     1382	           83 	
     1383	           76 	
     1384	           54 	
     1385	           71 	
     1386	           77 	
     1387	           68 	
     1388	           74 	
     1389	           65 	
     1390	           57 	
     1391	           86 	
     1392	           80 	
     1393	           75 	
     1394	           74 	
     1395	           84 	
     1396	           72 	
     1397	           75 	
     1398	           87 	
     1399	           77 	
     1400	           62 	
     1401	           63 	
     1402	           65 	
     1403	           87 	
     1404	           68 	
     1405	           70 	
     1406	           67 	
     1407	           75 	
     1408	           77 	
     1409	           76 	
     1410	           74 	
     1411	           77 	
     1412	           69 	
     1413	           75 	
     1414	           62 	
     1415	           85 	
     1416	           67 	
     1417	           86 	
     1418	           75 	
     1419	           64 	
     1420	           76 	
     1421	           76 	
     1422	           58 	
     1423	           77 	
     1424	           76 	
     1425	           70 	
     1426	           77 	
     1427	           85 	
     1428	           78 	
     1429	           89 	
     1430	           78 	
     1431	           78 	
     1432	           80 	
     1433	           70 	
     1434	           67 	
     1435	           79 	
     1436	           79 	
     1437	           67 	
     1438	           72 	
     1439	           75 	
     1440	           72 	
     1441	           68 	
     1442	           88 	
     1443	           66 	
     1444	           67 	
     1445	           75 	
     1446	           82 	
     1447	           68 	
     1448	           85 	
     1449	           89 	
     1450	           85 	
     1451	           57 	
     1452	           67 	
     1453	           60 	
     1454	           71 	
     1455	           72 	
     1456	           75 	
     1457	           58 	
     1458	           74 	
     1459	           88 	
     1460	           65 	
     1461	           81 	
     1462	           64 	
     1463	           79 	
     1464	           82 	
     1465	           74 	
     1466	           69 	
     1467	           74 	
     1468	           66 	
     1469	           81 	
     1470	           66 	
     1471	           81 	
     1472	           74 	
     1473	           82 	
     1474	           86 	
     1475	           69 	
     1476	           78 	
     1477	           72 	
     1478	           82 	
     1479	           77 	
     1480	           86 	
     1481	           63 	
     1482	           72 	
     1483	           81 	
     1484	           92 	
     1485	           85 	
     1486	           77 	
     1487	           75 	
     1488	           84 	
     1489	           67 	
     1490	           86 	
     1491	           67 	
     1492	           69 	
     1493	           70 	
     1494	           71 	
     1495	           95 	
     1496	           60 	
     1497	           80 	
     1498	           75 	
     1499	           74 	
     1500	           63 	
     1501	           57 	
     1502	           69 	
     1503	           78 	
     1504	           73 	
     1505	           99 	
     1506	           83 	
     1507	           68 	
     1508	           80 	
     1509	           70 	
     1510	           79 	
     1511	           84 	
     1512	           90 	
     1513	           60 	
     1514	           82 	
     1515	           94 	
     1516	           90 	
     1517	           89 	
     1518	           57 	
     1519	           65 	
     1520	           59 	
     1521	           71 	
     1522	           60 	
     1523	           64 	
     1524	           80 	
     1525	           71 	
     1526	           70 	
     1527	           58 	
     1528	           85 	
     1529	           71 	
     1530	           71 	
     1531	           76 	
     1532	           74 	
     1533	           75 	
     1534	           70 	
     1535	           79 	
     1536	           67 	
     1537	           57 	
     1538	           85 	
     1539	           63 	
     1540	           73 	
     1541	           71 	
     1542	           68 	
     1543	           69 	
     1544	           68 	
     1545	           92 	
     1546	           58 	
     1547	           82 	
     1548	           63 	
     1549	           65 	
     1550	           89 	
     1551	           87 	
     1552	           66 	
     1553	           73 	
     1554	           63 	
     1555	           84 	
     1556	           59 	
     1557	           64 	
     1558	           63 	
     1559	           67 	
     1560	           71 	
     1561	           68 	
     1562	           88 	
     1563	           64 	
     1564	           61 	
     1565	           75 	
     1566	           82 	
     1567	           78 	
     1568	           66 	
     1569	           73 	
     1570	           71 	
     1571	           76 	
     1572	           69 	
     1573	           80 	
     1574	           69 	
     1575	           70 	
     1576	           51 	
     1577	           69 	
     1578	           67 	
     1579	           63 	
     1580	           81 	
     1581	           70 	
     1582	           79 	
     1583	           63 	
     1584	           81 	
     1585	           59 	
     1586	           75 	
     1587	           68 	
     1588	           75 	
     1589	           84 	
     1590	           70 	
     1591	           87 	
     1592	           70 	
     1593	           95 	
     1594	           68 	
     1595	           87 	
     1596	           71 	
     1597	           89 	
     1598	           70 	
     1599	           62 	
     1600	           68 	
     1601	           86 	
     1602	           83 	
     1603	           79 	
     1604	           72 	
     1605	           83 	
     1606	           74 	
     1607	           59 	
     1608	           84 	
     1609	           75 	
     1610	           69 	
     1611	           75 	
     1612	           73 	
     1613	           74 	
     1614	           74 	
     1615	           59 	
     1616	           75 	
     1617	           78 	
     1618	           73 	
     1619	           87 	
     1620	           57 	
     1621	           68 	
     1622	           75 	
     1623	           85 	
     1624	           66 	
     1625	           63 	
     1626	           64 	
     1627	           69 	
     1628	           77 	
     1629	           76 	
     1630	           93 	
     1631	           75 	
     1632	           90 	
     1633	           77 	
     1634	           82 	
     1635	           81 	
     1636	           66 	
     1637	           71 	
     1638	           61 	
     1639	           79 	
     1640	           84 	
     1641	           54 	
     1642	           70 	
     1643	          100 	
     1644	           73 	
     1645	           74 	
     1646	           81 	
     1647	           55 	
     1648	           73 	
     1649	           81 	
     1650	           61 	
     1651	           70 	
     1652	           66 	
     1653	           70 	
     1654	           81 	
     1655	           71 	
     1656	           84 	
     1657	           87 	
     1658	           58 	
     1659	           89 	
     1660	           80 	
     1661	           71 	
     1662	           75 	
     1663	           72 	
     1664	           63 	
     1665	           80 	
     1666	           67 	
     1667	           69 	
     1668	           67 	
     1669	           76 	
     1670	           73 	
     1671	           88 	
     1672	           76 	
     1673	           65 	
     1674	           84 	
     1675	           68 	
     1676	           91 	
     1677	           74 	
     1678	           79 	
     1679	           70 	
     1680	           65 	
     1681	           67 	
     1682	           72 	
     1683	           49 	
     1684	           81 	
     1685	           73 	
     1686	           79 	
     1687	           68 	
     1688	           74 	
     1689	           72 	
     1690	           74 	
     1691	           84 	
     1692	           74 	
     1693	           80 	
     1694	           82 	
     1695	           64 	
     1696	           64 	
     1697	           68 	
     1698	           73 	
     1699	           86 	
     1700	           75 	
     1701	           69 	
     1702	           61 	
     1703	           83 	
     1704	           62 	
     1705	           82 	
     1706	           91 	
     1707	           63 	
     1708	           65 	
     1709	           76 	
     1710	           87 	
     1711	           69 	
     1712	           69 	
     1713	           60 	
     1714	           52 	
     1715	           76 	
     1716	           75 	
     1717	           68 	
     1718	           56 	
     1719	           59 	
     1720	           70 	
     1721	           83 	
     1722	           60 	
     1723	           82 	
     1724	           68 	
     1725	           73 	
     1726	           70 	
     1727	           77 	
     1728	           82 	
     1729	           58 	
     1730	           62 	
     1731	           95 	
     1732	           62 	
     1733	           89 	
     1734	           66 	
     1735	           72 	
     1736	           82 	
     1737	           64 	
     1738	           59 	
     1739	           66 	
     1740	           76 	
     1741	           70 	
     1742	           84 	
     1743	           70 	
     1744	           64 	
     1745	           77 	
     1746	           91 	
     1747	           66 	
     1748	           58 	
     1749	           50 	
     1750	           79 	
     1751	           67 	
     1752	           83 	
     1753	           80 	
     1754	           85 	
     1755	           71 	
     1756	           61 	
     1757	           73 	
     1758	           74 	
     1759	           62 	
     1760	           90 	
     1761	           77 	
     1762	           70 	
     1763	           77 	
     1764	           73 	
     1765	           54 	
     1766	           99 	
     1767	           71 	
     1768	           76 	
     1769	           60 	
     1770	           62 	
     1771	           76 	
     1772	           74 	
     1773	           71 	
     1774	           61 	
     1775	           78 	
     1776	           93 	
     1777	           67 	
     1778	           76 	
     1779	           64 	
     1780	           75 	
     1781	           70 	
     1782	           74 	
     1783	           58 	
     1784	           67 	
     1785	           66 	
     1786	           78 	
     1787	           77 	
     1788	           57 	
     1789	           66 	
     1790	           80 	
     1791	           79 	
     1792	           70 	
     1793	           82 	
     1794	           84 	
     1795	           68 	
     1796	           74 	
     1797	           77 	
     1798	           86 	
     1799	           72 	
     1800	           76 	
     1801	           75 	
     1802	           60 	
     1803	           75 	
     1804	           56 	
     1805	           67 	
     1806	           56 	
     1807	           76 	
     1808	           70 	
     1809	           75 	
     1810	           70 	
     1811	           71 	
     1812	           76 	
     1813	           86 	
     1814	           68 	
     1815	           71 	
     1816	           85 	
     1817	           70 	
     1818	           84 	
     1819	           73 	
     1820	           90 	
     1821	           84 	
     1822	           84 	
     1823	           72 	
     1824	           79 	
     1825	           76 	
     1826	           66 	
     1827	           71 	
     1828	           76 	
     1829	           80 	
     1830	           86 	
     1831	           63 	
     1832	           64 	
     1833	           55 	
     1834	           71 	
     1835	           71 	
     1836	           59 	
     1837	           77 	
     1838	           68 	
     1839	           56 	
     1840	           88 	
     1841	           66 	
     1842	           64 	
     1843	           58 	
     1844	           63 	
     1845	           77 	
     1846	           66 	
     1847	           66 	
     1848	           71 	
     1849	           99 	
     1850	           70 	
     1851	           74 	
     1852	           81 	
     1853	           60 	
     1854	           62 	
     1855	           71 	
     1856	           83 	
     1857	           59 	
     1858	           72 	
     1859	           67 	
     1860	           82 	
     1861	           76 	
     1862	           74 	
     1863	           71 	
     1864	           63 	
     1865	           61 	
     1866	           75 	
     1867	           62 	
     1868	           82 	
     1869	           68 	
     1870	           75 	
     1871	           62 	
     1872	           63 	
     1873	           63 	
     1874	           71 	
     1875	           65 	
     1876	           81 	
     1877	           66 	
     1878	           77 	
     1879	           77 	
     1880	           65 	
     1881	           75 	
     1882	           75 	
     1883	           77 	
     1884	           67 	
     1885	           79 	
     1886	           67 	
     1887	           67 	
     1888	           73 	
     1889	           85 	
     1890	           77 	
     1891	           74 	
     1892	           95 	
     1893	           68 	
     1894	           66 	
     1895	           67 	
     1896	           53 	
     1897	           70 	
     1898	           69 	
     1899	           79 	
     1900	           76 	
     1901	           67 	
     1902	           78 	
     1903	           73 	
     1904	           63 	
     1905	           68 	
     1906	           70 	
     1907	           72 	
     1908	           78 	
     1909	           78 	
     1910	           72 	
     1911	           73 	
     1912	           86 	
     1913	           70 	
     1914	           80 	
     1915	           79 	
     1916	           52 	
     1917	           69 	
     1918	           77 	
     1919	           81 	
     1920	           94 	
     1921	           79 	
     1922	           67 	
     1923	           81 	
     1924	           75 	
     1925	           72 	
     1926	           71 	
     1927	           72 	
     1928	           70 	
     1929	           63 	
     1930	           57 	
     1931	           74 	
     1932	           71 	
     1933	           84 	
     1934	           71 	
     1935	           72 	
     1936	           91 	
     1937	           86 	
     1938	           80 	
     1939	           81 	
     1940	           69 	
     1941	           75 	
     1942	           80 	
     1943	           77 	
     1944	           81 	
     1945	           80 	
     1946	           74 	
     1947	           76 	
     1948	           68 	
     1949	           66 	
     1950	           80 	
     1951	           83 	
     1952	           71 	
     1953	           72 	
     1954	           97 	
     1955	           82 	
     1956	           61 	
     1957	           76 	
     1958	           71 	
     1959	           78 	
     1960	           70 	
     1961	           86 	
     1962	           75 	
     1963	           66 	
     1964	           91 	
     1965	           73 	
     1966	           80 	
     1967	           87 	
     1968	           87 	
     1969	           70 	
     1970	           73 	
     1971	           81 	
     1972	           73 	
     1973	           73 	
     1974	           86 	
     1975	           67 	
     1976	           63 	
     1977	           82 	
     1978	           79 	
     1979	           57 	
     1980	           69 	
     1981	           61 	
     1982	           65 	
     1983	           92 	
     1984	           76 	
     1985	           68 	
     1986	           71 	
     1987	           75 	
     1988	           63 	
     1989	           86 	
     1990	           57 	
     1991	           75 	
     1992	           70 	
     1993	           72 	
     1994	           73 	
     1995	           60 	
     1996	           84 	
     1997	           65 	
     1998	           77 	
     1999	           81 	
     2000	           79 	
