Thorlabs Single Photon Counter Data Export

Date (YYYY-MM-DD):	2025-09-12
Time (HH:MM:SS):	23:26:05
Device Name:	SPCM50A
Serial Number:	M00296614
GUI Revision:	1.0 Build 23
Driver Revision:	1.1.0
Firmware Revision:	1.0.0

Application settings:
Operating Mode:	Free Running Timed Counter
Bin Length [ms]:	1
Time between Bins [ms]:	0.001
Pulse Blind Time [ns]:	0
Trigger Edge:	non-applicable
Array Measurement:	Yes
Array Measurement Continuously:	No
Bins per Array:	2000
Active APD Gating:	No
Fan Off:	No

Bin Number 	Counts per Bin 	Remarks
        1	           44 	
        2	           40 	
        3	           34 	
        4	           33 	
        5	           32 	
        6	           43 	
        7	           35 	
        8	           45 	
        9	           46 	
       10	           28 	
       11	           45 	
       12	           46 	
       13	           41 	
       14	           32 	
       15	           41 	
       16	           38 	
       17	           46 	
       18	           44 	
       19	           37 	
       20	           48 	
       21	           44 	
       22	           38 	
       23	           45 	
       24	           35 	
       25	           34 	
       26	           51 	
       27	           44 	
       28	           42 	
       29	           37 	
       30	           50 	
       31	           37 	
       32	           45 	
       33	           44 	
       34	           35 	
       35	           37 	
       36	           45 	
       37	           30 	
       38	           38 	
       39	           42 	
       40	           35 	
       41	           41 	
       42	           50 	
       43	           39 	
       44	           45 	
       45	           33 	
       46	           41 	
       47	           55 	
       48	           28 	
       49	           52 	
       50	           46 	
       51	           48 	
       52	           35 	
       53	           38 	
       54	           39 	
       55	           46 	
       56	           43 	
       57	           53 	
       58	           45 	
       59	           35 	
       60	           46 	
       61	           48 	
       62	           33 	
       63	           41 	
       64	           46 	
       65	           54 	
       66	           40 	
       67	           41 	
       68	           44 	
       69	           28 	
       70	           57 	
       71	           54 	
       72	           37 	
       73	           41 	
       74	           43 	
       75	           29 	
       76	           35 	
       77	           41 	
       78	           25 	
       79	           41 	
       80	           39 	
       81	           38 	
       82	           40 	
       83	           28 	
       84	           44 	
       85	           29 	
       86	           38 	
       87	           39 	
       88	           40 	
       89	           55 	
       90	           40 	
       91	           36 	
       92	           43 	
       93	           40 	
       94	           52 	
       95	           40 	
       96	           46 	
       97	           44 	
       98	           43 	
       99	           43 	
      100	           33 	
      101	           42 	
      102	           43 	
      103	           47 	
      104	           37 	
      105	           53 	
      106	           52 	
      107	           39 	
      108	           45 	
      109	           45 	
      110	           40 	
      111	           45 	
      112	           46 	
      113	           48 	
      114	           45 	
      115	           35 	
      116	           44 	
      117	           37 	
      118	           32 	
      119	           39 	
      120	           46 	
      121	           46 	
      122	           27 	
      123	           39 	
      124	           30 	
      125	           46 	
      126	           48 	
      127	           32 	
      128	           41 	
      129	           38 	
      130	           38 	
      131	           32 	
      132	           39 	
      133	           37 	
      134	           30 	
      135	           45 	
      136	           59 	
      137	           43 	
      138	           44 	
      139	           47 	
      140	           45 	
      141	           38 	
      142	           38 	
      143	           46 	
      144	           50 	
      145	           47 	
      146	           53 	
      147	           38 	
      148	           51 	
      149	           43 	
      150	           34 	
      151	           43 	
      152	           53 	
      153	           39 	
      154	           52 	
      155	           41 	
      156	           46 	
      157	           36 	
      158	           42 	
      159	           50 	
      160	           42 	
      161	           53 	
      162	           46 	
      163	           35 	
      164	           36 	
      165	           35 	
      166	           60 	
      167	           31 	
      168	           41 	
      169	           32 	
      170	           33 	
      171	           38 	
      172	           33 	
      173	           37 	
      174	           45 	
      175	           39 	
      176	           31 	
      177	           36 	
      178	           34 	
      179	           48 	
      180	           33 	
      181	           49 	
      182	           39 	
      183	           42 	
      184	           38 	
      185	           27 	
      186	           27 	
      187	           42 	
      188	           36 	
      189	           42 	
      190	           45 	
      191	           36 	
      192	           46 	
      193	           45 	
      194	           31 	
      195	           42 	
      196	           39 	
      197	           39 	
      198	           37 	
      199	           44 	
      200	           39 	
      201	           39 	
      202	           37 	
      203	           43 	
      204	           41 	
      205	           48 	
      206	           43 	
      207	           40 	
      208	           39 	
      209	           39 	
      210	           41 	
      211	           29 	
      212	           41 	
      213	           45 	
      214	           36 	
      215	           41 	
      216	           46 	
      217	           46 	
      218	           46 	
      219	           51 	
      220	           35 	
      221	           40 	
      222	           32 	
      223	           41 	
      224	           43 	
      225	           32 	
      226	           41 	
      227	           31 	
      228	           44 	
      229	           38 	
      230	           50 	
      231	           50 	
      232	           39 	
      233	           47 	
      234	           36 	
      235	           47 	
      236	           32 	
      237	           45 	
      238	           40 	
      239	           38 	
      240	           42 	
      241	           41 	
      242	           40 	
      243	           39 	
      244	           30 	
      245	           43 	
      246	           37 	
      247	           36 	
      248	           42 	
      249	           39 	
      250	           40 	
      251	           45 	
      252	           37 	
      253	           36 	
      254	           36 	
      255	           42 	
      256	           34 	
      257	           34 	
      258	           31 	
      259	           53 	
      260	           35 	
      261	           35 	
      262	           49 	
      263	           38 	
      264	           50 	
      265	           44 	
      266	           40 	
      267	           46 	
      268	           48 	
      269	           41 	
      270	           39 	
      271	           49 	
      272	           35 	
      273	           54 	
      274	           42 	
      275	           38 	
      276	           34 	
      277	           49 	
      278	           36 	
      279	           52 	
      280	           42 	
      281	           43 	
      282	           36 	
      283	           52 	
      284	           40 	
      285	           32 	
      286	           40 	
      287	           47 	
      288	           36 	
      289	           35 	
      290	           34 	
      291	           42 	
      292	           51 	
      293	           42 	
      294	           39 	
      295	           36 	
      296	           56 	
      297	           44 	
      298	           28 	
      299	           43 	
      300	           56 	
      301	           50 	
      302	           45 	
      303	           40 	
      304	           37 	
      305	           44 	
      306	           33 	
      307	           38 	
      308	           43 	
      309	           37 	
      310	           35 	
      311	           33 	
      312	           50 	
      313	           35 	
      314	           41 	
      315	           37 	
      316	           56 	
      317	           47 	
      318	           41 	
      319	           42 	
      320	           34 	
      321	           41 	
      322	           34 	
      323	           45 	
      324	           32 	
      325	           51 	
      326	           41 	
      327	           37 	
      328	           43 	
      329	           42 	
      330	           42 	
      331	           42 	
      332	           47 	
      333	           49 	
      334	           29 	
      335	           55 	
      336	           45 	
      337	           44 	
      338	           45 	
      339	           45 	
      340	           37 	
      341	           38 	
      342	           43 	
      343	           45 	
      344	           44 	
      345	           43 	
      346	           34 	
      347	           37 	
      348	           44 	
      349	           43 	
      350	           35 	
      351	           33 	
      352	           41 	
      353	           37 	
      354	           48 	
      355	           34 	
      356	           49 	
      357	           34 	
      358	           33 	
      359	           46 	
      360	           47 	
      361	           36 	
      362	           45 	
      363	           47 	
      364	           41 	
      365	           42 	
      366	           35 	
      367	           43 	
      368	           49 	
      369	           38 	
      370	           35 	
      371	           39 	
      372	           43 	
      373	           50 	
      374	           35 	
      375	           42 	
      376	           29 	
      377	           42 	
      378	           33 	
      379	           27 	
      380	           38 	
      381	           38 	
      382	           42 	
      383	           46 	
      384	           52 	
      385	           36 	
      386	           39 	
      387	           39 	
      388	           46 	
      389	           55 	
      390	           40 	
      391	           36 	
      392	           35 	
      393	           38 	
      394	           23 	
      395	           44 	
      396	           34 	
      397	           47 	
      398	           46 	
      399	           35 	
      400	           40 	
      401	           29 	
      402	           43 	
      403	           33 	
      404	           34 	
      405	           39 	
      406	           25 	
      407	           34 	
      408	           36 	
      409	           40 	
      410	           44 	
      411	           34 	
      412	           53 	
      413	           39 	
      414	           39 	
      415	           57 	
      416	           44 	
      417	           36 	
      418	           45 	
      419	           34 	
      420	           54 	
      421	           45 	
      422	           36 	
      423	           41 	
      424	           40 	
      425	           47 	
      426	           36 	
      427	           43 	
      428	           27 	
      429	           39 	
      430	           40 	
      431	           44 	
      432	           32 	
      433	           39 	
      434	           37 	
      435	           49 	
      436	           39 	
      437	           40 	
      438	           33 	
      439	           45 	
      440	           39 	
      441	           48 	
      442	           41 	
      443	           48 	
      444	           43 	
      445	           46 	
      446	           37 	
      447	           36 	
      448	           48 	
      449	           43 	
      450	           41 	
      451	           39 	
      452	           40 	
      453	           46 	
      454	           31 	
      455	           42 	
      456	           28 	
      457	           45 	
      458	           41 	
      459	           33 	
      460	           25 	
      461	           40 	
      462	           41 	
      463	           51 	
      464	           39 	
      465	           37 	
      466	           35 	
      467	           46 	
      468	           44 	
      469	           48 	
      470	           42 	
      471	           37 	
      472	           38 	
      473	           44 	
      474	           39 	
      475	           44 	
      476	           42 	
      477	           35 	
      478	           38 	
      479	           33 	
      480	           43 	
      481	           50 	
      482	           39 	
      483	           42 	
      484	           50 	
      485	           46 	
      486	           45 	
      487	           46 	
      488	           46 	
      489	           39 	
      490	           42 	
      491	           35 	
      492	           38 	
      493	           38 	
      494	           39 	
      495	           42 	
      496	           28 	
      497	           30 	
      498	           45 	
      499	           42 	
      500	           35 	
      501	           39 	
      502	           39 	
      503	           35 	
      504	           39 	
      505	           37 	
      506	           35 	
      507	           34 	
      508	           37 	
      509	           52 	
      510	           30 	
      511	           33 	
      512	           35 	
      513	           39 	
      514	           46 	
      515	           50 	
      516	           35 	
      517	           45 	
      518	           50 	
      519	           39 	
      520	           41 	
      521	           36 	
      522	           31 	
      523	           36 	
      524	           50 	
      525	           38 	
      526	           39 	
      527	           39 	
      528	           55 	
      529	           42 	
      530	           42 	
      531	           43 	
      532	           43 	
      533	           48 	
      534	           42 	
      535	           46 	
      536	           36 	
      537	           46 	
      538	           48 	
      539	           44 	
      540	           49 	
      541	           34 	
      542	           37 	
      543	           29 	
      544	           52 	
      545	           41 	
      546	           41 	
      547	           34 	
      548	           35 	
      549	           41 	
      550	           43 	
      551	           41 	
      552	           42 	
      553	           39 	
      554	           45 	
      555	           44 	
      556	           50 	
      557	           29 	
      558	           39 	
      559	           44 	
      560	           55 	
      561	           39 	
      562	           39 	
      563	           43 	
      564	           35 	
      565	           55 	
      566	           54 	
      567	           40 	
      568	           38 	
      569	           46 	
      570	           27 	
      571	           40 	
      572	           33 	
      573	           38 	
      574	           36 	
      575	           46 	
      576	           54 	
      577	           50 	
      578	           39 	
      579	           38 	
      580	           36 	
      581	           41 	
      582	           32 	
      583	           50 	
      584	           55 	
      585	           38 	
      586	           39 	
      587	           39 	
      588	           37 	
      589	           40 	
      590	           53 	
      591	           31 	
      592	           41 	
      593	           39 	
      594	           56 	
      595	           47 	
      596	           33 	
      597	           41 	
      598	           38 	
      599	           38 	
      600	           37 	
      601	           48 	
      602	           38 	
      603	           48 	
      604	           38 	
      605	           43 	
      606	           35 	
      607	           34 	
      608	           34 	
      609	           39 	
      610	           45 	
      611	           53 	
      612	           39 	
      613	           37 	
      614	           43 	
      615	           50 	
      616	           51 	
      617	           34 	
      618	           54 	
      619	           31 	
      620	           36 	
      621	           44 	
      622	           43 	
      623	           30 	
      624	           42 	
      625	           37 	
      626	           55 	
      627	           35 	
      628	           48 	
      629	           38 	
      630	           39 	
      631	           47 	
      632	           41 	
      633	           41 	
      634	           39 	
      635	           44 	
      636	           41 	
      637	           43 	
      638	           48 	
      639	           35 	
      640	           41 	
      641	           31 	
      642	           38 	
      643	           29 	
      644	           43 	
      645	           38 	
      646	           54 	
      647	           36 	
      648	           54 	
      649	           29 	
      650	           38 	
      651	           45 	
      652	           51 	
      653	           35 	
      654	           45 	
      655	           34 	
      656	           43 	
      657	           46 	
      658	           41 	
      659	           47 	
      660	           37 	
      661	           35 	
      662	           44 	
      663	           41 	
      664	           35 	
      665	           31 	
      666	           42 	
      667	           41 	
      668	           32 	
      669	           41 	
      670	           48 	
      671	           44 	
      672	           43 	
      673	           50 	
      674	           44 	
      675	           42 	
      676	           42 	
      677	           35 	
      678	           38 	
      679	           42 	
      680	           37 	
      681	           33 	
      682	           42 	
      683	           45 	
      684	           43 	
      685	           47 	
      686	           51 	
      687	           36 	
      688	           56 	
      689	           33 	
      690	           36 	
      691	           45 	
      692	           39 	
      693	           54 	
      694	           38 	
      695	           49 	
      696	           33 	
      697	           49 	
      698	           49 	
      699	           28 	
      700	           47 	
      701	           64 	
      702	           26 	
      703	           44 	
      704	           43 	
      705	           47 	
      706	           38 	
      707	           35 	
      708	           48 	
      709	           51 	
      710	           33 	
      711	           44 	
      712	           44 	
      713	           37 	
      714	           47 	
      715	           33 	
      716	           49 	
      717	           29 	
      718	           50 	
      719	           51 	
      720	           42 	
      721	           35 	
      722	           42 	
      723	           28 	
      724	           37 	
      725	           29 	
      726	           37 	
      727	           36 	
      728	           41 	
      729	           45 	
      730	           40 	
      731	           44 	
      732	           53 	
      733	           33 	
      734	           31 	
      735	           48 	
      736	           41 	
      737	           38 	
      738	           33 	
      739	           38 	
      740	           50 	
      741	           45 	
      742	           34 	
      743	           50 	
      744	           37 	
      745	           31 	
      746	           43 	
      747	           46 	
      748	           54 	
      749	           29 	
      750	           35 	
      751	           35 	
      752	           42 	
      753	           54 	
      754	           44 	
      755	           42 	
      756	           46 	
      757	           38 	
      758	           33 	
      759	           36 	
      760	           35 	
      761	           41 	
      762	           36 	
      763	           53 	
      764	           44 	
      765	           47 	
      766	           39 	
      767	           46 	
      768	           43 	
      769	           35 	
      770	           32 	
      771	           36 	
      772	           42 	
      773	           28 	
      774	           42 	
      775	           44 	
      776	           44 	
      777	           44 	
      778	           50 	
      779	           33 	
      780	           32 	
      781	           42 	
      782	           34 	
      783	           40 	
      784	           30 	
      785	           30 	
      786	           38 	
      787	           44 	
      788	           45 	
      789	           35 	
      790	           45 	
      791	           39 	
      792	           37 	
      793	           45 	
      794	           35 	
      795	           37 	
      796	           43 	
      797	           40 	
      798	           51 	
      799	           52 	
      800	           38 	
      801	           50 	
      802	           35 	
      803	           38 	
      804	           42 	
      805	           39 	
      806	           35 	
      807	           46 	
      808	           43 	
      809	           34 	
      810	           38 	
      811	           24 	
      812	           48 	
      813	           32 	
      814	           38 	
      815	           51 	
      816	           30 	
      817	           34 	
      818	           44 	
      819	           45 	
      820	           46 	
      821	           43 	
      822	           36 	
      823	           40 	
      824	           42 	
      825	           29 	
      826	           40 	
      827	           46 	
      828	           35 	
      829	           36 	
      830	           37 	
      831	           43 	
      832	           47 	
      833	           41 	
      834	           45 	
      835	           38 	
      836	           52 	
      837	           40 	
      838	           45 	
      839	           31 	
      840	           34 	
      841	           46 	
      842	           41 	
      843	           34 	
      844	           34 	
      845	           33 	
      846	           41 	
      847	           51 	
      848	           32 	
      849	           32 	
      850	           42 	
      851	           45 	
      852	           31 	
      853	           42 	
      854	           42 	
      855	           38 	
      856	           48 	
      857	           46 	
      858	           39 	
      859	           51 	
      860	           51 	
      861	           49 	
      862	           49 	
      863	           39 	
      864	           57 	
      865	           38 	
      866	           33 	
      867	           44 	
      868	           41 	
      869	           49 	
      870	           37 	
      871	           39 	
      872	           42 	
      873	           36 	
      874	           54 	
      875	           31 	
      876	           44 	
      877	           52 	
      878	           35 	
      879	           46 	
      880	           43 	
      881	           40 	
      882	           43 	
      883	           35 	
      884	           32 	
      885	           44 	
      886	           40 	
      887	           40 	
      888	           46 	
      889	           38 	
      890	           42 	
      891	           32 	
      892	           40 	
      893	           39 	
      894	           36 	
      895	           40 	
      896	           37 	
      897	           40 	
      898	           45 	
      899	           42 	
      900	           42 	
      901	           45 	
      902	           36 	
      903	           37 	
      904	           35 	
      905	           38 	
      906	           37 	
      907	           24 	
      908	           36 	
      909	           35 	
      910	           48 	
      911	           35 	
      912	           44 	
      913	           36 	
      914	           36 	
      915	           34 	
      916	           36 	
      917	           38 	
      918	           41 	
      919	           37 	
      920	           48 	
      921	           36 	
      922	           42 	
      923	           39 	
      924	           30 	
      925	           38 	
      926	           33 	
      927	           56 	
      928	           42 	
      929	           45 	
      930	           33 	
      931	           40 	
      932	           43 	
      933	           34 	
      934	           38 	
      935	           36 	
      936	           48 	
      937	           52 	
      938	           43 	
      939	           38 	
      940	           32 	
      941	           37 	
      942	           43 	
      943	           54 	
      944	           39 	
      945	           42 	
      946	           36 	
      947	           43 	
      948	           51 	
      949	           47 	
      950	           36 	
      951	           25 	
      952	           26 	
      953	           35 	
      954	           48 	
      955	           49 	
      956	           40 	
      957	           29 	
      958	           47 	
      959	           46 	
      960	           28 	
      961	           52 	
      962	           34 	
      963	           36 	
      964	           39 	
      965	           28 	
      966	           40 	
      967	           48 	
      968	           42 	
      969	           41 	
      970	           50 	
      971	           44 	
      972	           40 	
      973	           42 	
      974	           45 	
      975	           40 	
      976	           47 	
      977	           53 	
      978	           38 	
      979	           46 	
      980	           39 	
      981	           30 	
      982	           34 	
      983	           39 	
      984	           35 	
      985	           46 	
      986	           41 	
      987	           41 	
      988	           33 	
      989	           43 	
      990	           40 	
      991	           40 	
      992	           38 	
      993	           46 	
      994	           38 	
      995	           44 	
      996	           32 	
      997	           38 	
      998	           41 	
      999	           43 	
     1000	           43 	
     1001	           51 	
     1002	           30 	
     1003	           39 	
     1004	           36 	
     1005	           40 	
     1006	           41 	
     1007	           36 	
     1008	           40 	
     1009	           44 	
     1010	           37 	
     1011	           47 	
     1012	           49 	
     1013	           27 	
     1014	           46 	
     1015	           48 	
     1016	           40 	
     1017	           42 	
     1018	           40 	
     1019	           41 	
     1020	           51 	
     1021	           40 	
     1022	           36 	
     1023	           30 	
     1024	           43 	
     1025	           51 	
     1026	           42 	
     1027	           50 	
     1028	           38 	
     1029	           53 	
     1030	           41 	
     1031	           43 	
     1032	           48 	
     1033	           41 	
     1034	           39 	
     1035	           44 	
     1036	           55 	
     1037	           48 	
     1038	           36 	
     1039	           35 	
     1040	           45 	
     1041	           44 	
     1042	           23 	
     1043	           46 	
     1044	           33 	
     1045	           38 	
     1046	           61 	
     1047	           45 	
     1048	           34 	
     1049	           39 	
     1050	           49 	
     1051	           40 	
     1052	           43 	
     1053	           50 	
     1054	           33 	
     1055	           39 	
     1056	           45 	
     1057	           56 	
     1058	           31 	
     1059	           27 	
     1060	           37 	
     1061	           36 	
     1062	           41 	
     1063	           44 	
     1064	           43 	
     1065	           35 	
     1066	           39 	
     1067	           35 	
     1068	           42 	
     1069	           47 	
     1070	           45 	
     1071	           32 	
     1072	           50 	
     1073	           54 	
     1074	           46 	
     1075	           37 	
     1076	           27 	
     1077	           42 	
     1078	           31 	
     1079	           32 	
     1080	           42 	
     1081	           37 	
     1082	           43 	
     1083	           35 	
     1084	           43 	
     1085	           46 	
     1086	           43 	
     1087	           44 	
     1088	           33 	
     1089	           30 	
     1090	           45 	
     1091	           49 	
     1092	           49 	
     1093	           36 	
     1094	           37 	
     1095	           32 	
     1096	           40 	
     1097	           39 	
     1098	           29 	
     1099	           36 	
     1100	           42 	
     1101	           47 	
     1102	           39 	
     1103	           45 	
     1104	           32 	
     1105	           58 	
     1106	           38 	
     1107	           50 	
     1108	           42 	
     1109	           39 	
     1110	           40 	
     1111	           29 	
     1112	           41 	
     1113	           36 	
     1114	           45 	
     1115	           34 	
     1116	           46 	
     1117	           41 	
     1118	           38 	
     1119	           40 	
     1120	           40 	
     1121	           41 	
     1122	           40 	
     1123	           37 	
     1124	           35 	
     1125	           53 	
     1126	           42 	
     1127	           39 	
     1128	           46 	
     1129	           36 	
     1130	           44 	
     1131	           32 	
     1132	           47 	
     1133	           40 	
     1134	           22 	
     1135	           52 	
     1136	           32 	
     1137	           38 	
     1138	           50 	
     1139	           37 	
     1140	           41 	
     1141	           45 	
     1142	           34 	
     1143	           38 	
     1144	           43 	
     1145	           39 	
     1146	           34 	
     1147	           51 	
     1148	           46 	
     1149	           63 	
     1150	           43 	
     1151	           32 	
     1152	           40 	
     1153	           39 	
     1154	           33 	
     1155	           48 	
     1156	           51 	
     1157	           59 	
     1158	           40 	
     1159	           41 	
     1160	           43 	
     1161	           36 	
     1162	           34 	
     1163	           42 	
     1164	           36 	
     1165	           28 	
     1166	           45 	
     1167	           39 	
     1168	           42 	
     1169	           46 	
     1170	           44 	
     1171	           44 	
     1172	           44 	
     1173	           41 	
     1174	           41 	
     1175	           28 	
     1176	           35 	
     1177	           28 	
     1178	           36 	
     1179	           34 	
     1180	           44 	
     1181	           37 	
     1182	           50 	
     1183	           43 	
     1184	           54 	
     1185	           48 	
     1186	           48 	
     1187	           35 	
     1188	           29 	
     1189	           51 	
     1190	           28 	
     1191	           37 	
     1192	           34 	
     1193	           40 	
     1194	           52 	
     1195	           45 	
     1196	           41 	
     1197	           34 	
     1198	           33 	
     1199	           33 	
     1200	           34 	
     1201	           26 	
     1202	           35 	
     1203	           31 	
     1204	           36 	
     1205	           54 	
     1206	           42 	
     1207	           47 	
     1208	           36 	
     1209	           52 	
     1210	           41 	
     1211	           42 	
     1212	           36 	
     1213	           53 	
     1214	           50 	
     1215	           32 	
     1216	           44 	
     1217	           39 	
     1218	           31 	
     1219	           41 	
     1220	           44 	
     1221	           39 	
     1222	           47 	
     1223	           42 	
     1224	           48 	
     1225	           36 	
     1226	           48 	
     1227	           27 	
     1228	           26 	
     1229	           36 	
     1230	           36 	
     1231	           42 	
     1232	           36 	
     1233	           47 	
     1234	           48 	
     1235	           42 	
     1236	           40 	
     1237	           36 	
     1238	           33 	
     1239	           46 	
     1240	           42 	
     1241	           43 	
     1242	           40 	
     1243	           40 	
     1244	           37 	
     1245	           44 	
     1246	           31 	
     1247	           43 	
     1248	           37 	
     1249	           48 	
     1250	           30 	
     1251	           47 	
     1252	           33 	
     1253	           47 	
     1254	           23 	
     1255	           43 	
     1256	           58 	
     1257	           50 	
     1258	           47 	
     1259	           22 	
     1260	           47 	
     1261	           35 	
     1262	           36 	
     1263	           60 	
     1264	           27 	
     1265	           44 	
     1266	           40 	
     1267	           40 	
     1268	           41 	
     1269	           48 	
     1270	           34 	
     1271	           30 	
     1272	           48 	
     1273	           41 	
     1274	           39 	
     1275	           40 	
     1276	           39 	
     1277	           45 	
     1278	           27 	
     1279	           44 	
     1280	           48 	
     1281	           49 	
     1282	           35 	
     1283	           48 	
     1284	           48 	
     1285	           44 	
     1286	           31 	
     1287	           32 	
     1288	           32 	
     1289	           39 	
     1290	           41 	
     1291	           37 	
     1292	           44 	
     1293	           31 	
     1294	           41 	
     1295	           39 	
     1296	           49 	
     1297	           43 	
     1298	           32 	
     1299	           46 	
     1300	           48 	
     1301	           48 	
     1302	           39 	
     1303	           46 	
     1304	           43 	
     1305	           49 	
     1306	           45 	
     1307	           25 	
     1308	           45 	
     1309	           44 	
     1310	           41 	
     1311	           44 	
     1312	           39 	
     1313	           33 	
     1314	           41 	
     1315	           35 	
     1316	           35 	
     1317	           43 	
     1318	           45 	
     1319	           30 	
     1320	           51 	
     1321	           52 	
     1322	           36 	
     1323	           35 	
     1324	           34 	
     1325	           45 	
     1326	           36 	
     1327	           44 	
     1328	           28 	
     1329	           37 	
     1330	           37 	
     1331	           36 	
     1332	           42 	
     1333	           38 	
     1334	           34 	
     1335	           47 	
     1336	           42 	
     1337	           35 	
     1338	           50 	
     1339	           42 	
     1340	           38 	
     1341	           40 	
     1342	           36 	
     1343	           32 	
     1344	           49 	
     1345	           32 	
     1346	           27 	
     1347	           45 	
     1348	           40 	
     1349	           39 	
     1350	           39 	
     1351	           40 	
     1352	           51 	
     1353	           32 	
     1354	           37 	
     1355	           26 	
     1356	           46 	
     1357	           47 	
     1358	           42 	
     1359	           39 	
     1360	           45 	
     1361	           35 	
     1362	           35 	
     1363	           40 	
     1364	           37 	
     1365	           42 	
     1366	           40 	
     1367	           46 	
     1368	           46 	
     1369	           38 	
     1370	           43 	
     1371	           36 	
     1372	           33 	
     1373	           40 	
     1374	           37 	
     1375	           37 	
     1376	           42 	
     1377	           37 	
     1378	           44 	
     1379	           44 	
     1380	           43 	
     1381	           49 	
     1382	           35 	
     1383	           52 	
     1384	           29 	
     1385	           36 	
     1386	           36 	
     1387	           43 	
     1388	           48 	
     1389	           44 	
     1390	           28 	
     1391	           33 	
     1392	           49 	
     1393	           40 	
     1394	           36 	
     1395	           30 	
     1396	           47 	
     1397	           44 	
     1398	           40 	
     1399	           33 	
     1400	           32 	
     1401	           38 	
     1402	           35 	
     1403	           45 	
     1404	           34 	
     1405	           31 	
     1406	           41 	
     1407	           35 	
     1408	           45 	
     1409	           30 	
     1410	           27 	
     1411	           36 	
     1412	           38 	
     1413	           36 	
     1414	           29 	
     1415	           39 	
     1416	           44 	
     1417	           39 	
     1418	           47 	
     1419	           38 	
     1420	           31 	
     1421	           42 	
     1422	           40 	
     1423	           24 	
     1424	           45 	
     1425	           45 	
     1426	           34 	
     1427	           41 	
     1428	           47 	
     1429	           37 	
     1430	           47 	
     1431	           39 	
     1432	           48 	
     1433	           35 	
     1434	           55 	
     1435	           44 	
     1436	           38 	
     1437	           40 	
     1438	           31 	
     1439	           41 	
     1440	           48 	
     1441	           35 	
     1442	           41 	
     1443	           38 	
     1444	           55 	
     1445	           32 	
     1446	           34 	
     1447	           49 	
     1448	           51 	
     1449	           47 	
     1450	           35 	
     1451	           41 	
     1452	           39 	
     1453	           32 	
     1454	           47 	
     1455	           38 	
     1456	           45 	
     1457	           42 	
     1458	           40 	
     1459	           46 	
     1460	           33 	
     1461	           36 	
     1462	           48 	
     1463	           32 	
     1464	           25 	
     1465	           43 	
     1466	           50 	
     1467	           41 	
     1468	           36 	
     1469	           41 	
     1470	           46 	
     1471	           34 	
     1472	           37 	
     1473	           55 	
     1474	           37 	
     1475	           44 	
     1476	           36 	
     1477	           44 	
     1478	           37 	
     1479	           52 	
     1480	           48 	
     1481	           33 	
     1482	           46 	
     1483	           34 	
     1484	           41 	
     1485	           29 	
     1486	           39 	
     1487	           45 	
     1488	           37 	
     1489	           37 	
     1490	           36 	
     1491	           28 	
     1492	           33 	
     1493	           46 	
     1494	           42 	
     1495	           38 	
     1496	           43 	
     1497	           44 	
     1498	           42 	
     1499	           42 	
     1500	           43 	
     1501	           43 	
     1502	           44 	
     1503	           43 	
     1504	           38 	
     1505	           49 	
     1506	           38 	
     1507	           39 	
     1508	           48 	
     1509	           36 	
     1510	           41 	
     1511	           36 	
     1512	           40 	
     1513	           45 	
     1514	           40 	
     1515	           36 	
     1516	           29 	
     1517	           32 	
     1518	           31 	
     1519	           46 	
     1520	           45 	
     1521	           43 	
     1522	           47 	
     1523	           37 	
     1524	           55 	
     1525	           37 	
     1526	           39 	
     1527	           47 	
     1528	           35 	
     1529	           33 	
     1530	           37 	
     1531	           29 	
     1532	           37 	
     1533	           51 	
     1534	           35 	
     1535	           42 	
     1536	           39 	
     1537	           46 	
     1538	           32 	
     1539	           38 	
     1540	           32 	
     1541	           36 	
     1542	           45 	
     1543	           45 	
     1544	           44 	
     1545	           43 	
     1546	           39 	
     1547	           41 	
     1548	           34 	
     1549	           47 	
     1550	           37 	
     1551	           37 	
     1552	           41 	
     1553	           28 	
     1554	           30 	
     1555	           31 	
     1556	           35 	
     1557	           31 	
     1558	           48 	
     1559	           41 	
     1560	           32 	
     1561	           39 	
     1562	           45 	
     1563	           52 	
     1564	           46 	
     1565	           34 	
     1566	           47 	
     1567	           48 	
     1568	           37 	
     1569	           46 	
     1570	           47 	
     1571	           43 	
     1572	           43 	
     1573	           37 	
     1574	           35 	
     1575	           42 	
     1576	           33 	
     1577	           45 	
     1578	           37 	
     1579	           37 	
     1580	           47 	
     1581	           38 	
     1582	           46 	
     1583	           51 	
     1584	           51 	
     1585	           45 	
     1586	           40 	
     1587	           40 	
     1588	           35 	
     1589	           41 	
     1590	           40 	
     1591	           46 	
     1592	           39 	
     1593	           35 	
     1594	           38 	
     1595	           44 	
     1596	           40 	
     1597	           34 	
     1598	           35 	
     1599	           47 	
     1600	           53 	
     1601	           35 	
     1602	           43 	
     1603	           26 	
     1604	           29 	
     1605	           47 	
     1606	           39 	
     1607	           44 	
     1608	           37 	
     1609	           37 	
     1610	           46 	
     1611	           44 	
     1612	           35 	
     1613	           36 	
     1614	           44 	
     1615	           47 	
     1616	           46 	
     1617	           42 	
     1618	           36 	
     1619	           41 	
     1620	           43 	
     1621	           34 	
     1622	           46 	
     1623	           54 	
     1624	           43 	
     1625	           52 	
     1626	           42 	
     1627	           36 	
     1628	           27 	
     1629	           39 	
     1630	           41 	
     1631	           33 	
     1632	           39 	
     1633	           43 	
     1634	           37 	
     1635	           43 	
     1636	           36 	
     1637	           45 	
     1638	           36 	
     1639	           37 	
     1640	           35 	
     1641	           39 	
     1642	           44 	
     1643	           64 	
     1644	           39 	
     1645	           42 	
     1646	           37 	
     1647	           39 	
     1648	           45 	
     1649	           41 	
     1650	           32 	
     1651	           39 	
     1652	           53 	
     1653	           40 	
     1654	           40 	
     1655	           40 	
     1656	           48 	
     1657	           41 	
     1658	           42 	
     1659	           39 	
     1660	           34 	
     1661	           34 	
     1662	           47 	
     1663	           44 	
     1664	           43 	
     1665	           43 	
     1666	           49 	
     1667	           47 	
     1668	           37 	
     1669	           32 	
     1670	           37 	
     1671	           56 	
     1672	           37 	
     1673	           39 	
     1674	           42 	
     1675	           35 	
     1676	           35 	
     1677	           38 	
     1678	           53 	
     1679	           43 	
     1680	           44 	
     1681	           40 	
     1682	           46 	
     1683	           40 	
     1684	           37 	
     1685	           45 	
     1686	           42 	
     1687	           36 	
     1688	           35 	
     1689	           30 	
     1690	           34 	
     1691	           43 	
     1692	           40 	
     1693	           41 	
     1694	           46 	
     1695	           45 	
     1696	           47 	
     1697	           34 	
     1698	           50 	
     1699	           50 	
     1700	           42 	
     1701	           33 	
     1702	           50 	
     1703	           41 	
     1704	           50 	
     1705	           43 	
     1706	           46 	
     1707	           37 	
     1708	           42 	
     1709	           38 	
     1710	           39 	
     1711	           37 	
     1712	           49 	
     1713	           48 	
     1714	           45 	
     1715	           34 	
     1716	           39 	
     1717	           44 	
     1718	           38 	
     1719	           37 	
     1720	           45 	
     1721	           39 	
     1722	           35 	
     1723	           44 	
     1724	           53 	
     1725	           39 	
     1726	           45 	
     1727	           34 	
     1728	           45 	
     1729	           38 	
     1730	           54 	
     1731	           34 	
     1732	           44 	
     1733	           47 	
     1734	           37 	
     1735	           46 	
     1736	           27 	
     1737	           49 	
     1738	           46 	
     1739	           43 	
     1740	           39 	
     1741	           38 	
     1742	           48 	
     1743	           40 	
     1744	           38 	
     1745	           48 	
     1746	           39 	
     1747	           37 	
     1748	           48 	
     1749	           36 	
     1750	           40 	
     1751	           44 	
     1752	           37 	
     1753	           38 	
     1754	           42 	
     1755	           39 	
     1756	           43 	
     1757	           53 	
     1758	           32 	
     1759	           37 	
     1760	           54 	
     1761	           36 	
     1762	           32 	
     1763	           43 	
     1764	           43 	
     1765	           36 	
     1766	           42 	
     1767	           30 	
     1768	           52 	
     1769	           31 	
     1770	           48 	
     1771	           44 	
     1772	           40 	
     1773	           35 	
     1774	           33 	
     1775	           45 	
     1776	           36 	
     1777	           32 	
     1778	           43 	
     1779	           42 	
     1780	           40 	
     1781	           35 	
     1782	           38 	
     1783	           37 	
     1784	           41 	
     1785	           49 	
     1786	           35 	
     1787	           31 	
     1788	           37 	
     1789	           38 	
     1790	           44 	
     1791	           57 	
     1792	           38 	
     1793	           50 	
     1794	           46 	
     1795	           54 	
     1796	           39 	
     1797	           44 	
     1798	           36 	
     1799	           31 	
     1800	           39 	
     1801	           35 	
     1802	           42 	
     1803	           37 	
     1804	           51 	
     1805	           54 	
     1806	           38 	
     1807	           41 	
     1808	           41 	
     1809	           34 	
     1810	           32 	
     1811	           40 	
     1812	           36 	
     1813	           46 	
     1814	           46 	
     1815	           28 	
     1816	           36 	
     1817	           46 	
     1818	           48 	
     1819	           47 	
     1820	           41 	
     1821	           48 	
     1822	           39 	
     1823	           37 	
     1824	           42 	
     1825	           48 	
     1826	           57 	
     1827	           41 	
     1828	           52 	
     1829	           36 	
     1830	           46 	
     1831	           44 	
     1832	           52 	
     1833	           34 	
     1834	           36 	
     1835	           39 	
     1836	           38 	
     1837	           37 	
     1838	           36 	
     1839	           36 	
     1840	           46 	
     1841	           36 	
     1842	           42 	
     1843	           43 	
     1844	           38 	
     1845	           48 	
     1846	           39 	
     1847	           50 	
     1848	           45 	
     1849	           46 	
     1850	           48 	
     1851	           35 	
     1852	           46 	
     1853	           40 	
     1854	           37 	
     1855	           40 	
     1856	           36 	
     1857	           47 	
     1858	           36 	
     1859	           35 	
     1860	           39 	
     1861	           46 	
     1862	           54 	
     1863	           50 	
     1864	           35 	
     1865	           33 	
     1866	           38 	
     1867	           49 	
     1868	           44 	
     1869	           41 	
     1870	           47 	
     1871	           44 	
     1872	           46 	
     1873	           37 	
     1874	           38 	
     1875	           44 	
     1876	           33 	
     1877	           38 	
     1878	           36 	
     1879	           38 	
     1880	           41 	
     1881	           29 	
     1882	           37 	
     1883	           39 	
     1884	           46 	
     1885	           49 	
     1886	           37 	
     1887	           48 	
     1888	           44 	
     1889	           44 	
     1890	           37 	
     1891	           43 	
     1892	           55 	
     1893	           35 	
     1894	           51 	
     1895	           40 	
     1896	           53 	
     1897	           34 	
     1898	           44 	
     1899	           51 	
     1900	           48 	
     1901	           40 	
     1902	           36 	
     1903	           43 	
     1904	           30 	
     1905	           39 	
     1906	           44 	
     1907	           35 	
     1908	           39 	
     1909	           34 	
     1910	           44 	
     1911	           40 	
     1912	           44 	
     1913	           46 	
     1914	           53 	
     1915	           43 	
     1916	           43 	
     1917	           36 	
     1918	           41 	
     1919	           44 	
     1920	           45 	
     1921	           39 	
     1922	           41 	
     1923	           37 	
     1924	           41 	
     1925	           53 	
     1926	           45 	
     1927	           39 	
     1928	           41 	
     1929	           45 	
     1930	           39 	
     1931	           54 	
     1932	           42 	
     1933	           40 	
     1934	           37 	
     1935	           45 	
     1936	           43 	
     1937	           39 	
     1938	           46 	
     1939	           46 	
     1940	           41 	
     1941	           54 	
     1942	           33 	
     1943	           39 	
     1944	           26 	
     1945	           37 	
     1946	           41 	
     1947	           46 	
     1948	           57 	
     1949	           38 	
     1950	           25 	
     1951	           50 	
     1952	           42 	
     1953	           29 	
     1954	           43 	
     1955	           46 	
     1956	           48 	
     1957	           45 	
     1958	           42 	
     1959	           53 	
     1960	           47 	
     1961	           38 	
     1962	           45 	
     1963	           29 	
     1964	           53 	
     1965	           26 	
     1966	           39 	
     1967	           40 	
     1968	           38 	
     1969	           39 	
     1970	           40 	
     1971	           57 	
     1972	           46 	
     1973	           40 	
     1974	           47 	
     1975	           33 	
     1976	           35 	
     1977	           30 	
     1978	           38 	
     1979	           52 	
     1980	           38 	
     1981	           39 	
     1982	           31 	
     1983	           39 	
     1984	           42 	
     1985	           50 	
     1986	           51 	
     1987	           35 	
     1988	           44 	
     1989	           44 	
     1990	           42 	
     1991	           36 	
     1992	           26 	
     1993	           36 	
     1994	           38 	
     1995	           38 	
     1996	           34 	
     1997	           52 	
     1998	           36 	
     1999	           39 	
     2000	           42 	
