Thorlabs Single Photon Counter Data Export

Date (YYYY-MM-DD):	2025-09-12
Time (HH:MM:SS):	23:25:21
Device Name:	SPCM50A
Serial Number:	M00296614
GUI Revision:	1.0 Build 23
Driver Revision:	1.1.0
Firmware Revision:	1.0.0

Application settings:
Operating Mode:	Free Running Timed Counter
Bin Length [ms]:	1
Time between Bins [ms]:	0.001
Pulse Blind Time [ns]:	0
Trigger Edge:	non-applicable
Array Measurement:	Yes
Array Measurement Continuously:	No
Bins per Array:	2000
Active APD Gating:	No
Fan Off:	No

Bin Number 	Counts per Bin 	Remarks
        1	           87 	
        2	           80 	
        3	           92 	
        4	           82 	
        5	           85 	
        6	           91 	
        7	           94 	
        8	           86 	
        9	           96 	
       10	           90 	
       11	           95 	
       12	           84 	
       13	           89 	
       14	           96 	
       15	          100 	
       16	           89 	
       17	           96 	
       18	          103 	
       19	          102 	
       20	           84 	
       21	           96 	
       22	           86 	
       23	           99 	
       24	           94 	
       25	           85 	
       26	          113 	
       27	           84 	
       28	           95 	
       29	          102 	
       30	           84 	
       31	          104 	
       32	           82 	
       33	           81 	
       34	           90 	
       35	           88 	
       36	          119 	
       37	           86 	
       38	           96 	
       39	           71 	
       40	           73 	
       41	           91 	
       42	           95 	
       43	           76 	
       44	           90 	
       45	           92 	
       46	           81 	
       47	           88 	
       48	           87 	
       49	           84 	
       50	           90 	
       51	           77 	
       52	          100 	
       53	          104 	
       54	           91 	
       55	           86 	
       56	           85 	
       57	           79 	
       58	           95 	
       59	          102 	
       60	           94 	
       61	           93 	
       62	           80 	
       63	          108 	
       64	           96 	
       65	           87 	
       66	           89 	
       67	           82 	
       68	          111 	
       69	          110 	
       70	           78 	
       71	          101 	
       72	          120 	
       73	           70 	
       74	           93 	
       75	           81 	
       76	           91 	
       77	           83 	
       78	           90 	
       79	           78 	
       80	           84 	
       81	           84 	
       82	          107 	
       83	           79 	
       84	           94 	
       85	           81 	
       86	           98 	
       87	           73 	
       88	           99 	
       89	          112 	
       90	           86 	
       91	          106 	
       92	           90 	
       93	           82 	
       94	           86 	
       95	           97 	
       96	           93 	
       97	          104 	
       98	          103 	
       99	          101 	
      100	           84 	
      101	           92 	
      102	           92 	
      103	          107 	
      104	           79 	
      105	          102 	
      106	          101 	
      107	           82 	
      108	           80 	
      109	           83 	
      110	           79 	
      111	           92 	
      112	           84 	
      113	           73 	
      114	           79 	
      115	           95 	
      116	           83 	
      117	           86 	
      118	          100 	
      119	           75 	
      120	           97 	
      121	           95 	
      122	           80 	
      123	           80 	
      124	           95 	
      125	           85 	
      126	           82 	
      127	           80 	
      128	           74 	
      129	           81 	
      130	           83 	
      131	          105 	
      132	           92 	
      133	           95 	
      134	           92 	
      135	           75 	
      136	           80 	
      137	           80 	
      138	           68 	
      139	           88 	
      140	          100 	
      141	           89 	
      142	           84 	
      143	           87 	
      144	          105 	
      145	           84 	
      146	           98 	
      147	           80 	
      148	           93 	
      149	          132 	
      150	           85 	
      151	          100 	
      152	           97 	
      153	           94 	
      154	           75 	
      155	           95 	
      156	          104 	
      157	           92 	
      158	           90 	
      159	           87 	
      160	           87 	
      161	           75 	
      162	           80 	
      163	           89 	
      164	           84 	
      165	           96 	
      166	          100 	
      167	           96 	
      168	           87 	
      169	           68 	
      170	          107 	
      171	           89 	
      172	           79 	
      173	           86 	
      174	           76 	
      175	           92 	
      176	           98 	
      177	           79 	
      178	           83 	
      179	           80 	
      180	           89 	
      181	          106 	
      182	           80 	
      183	           86 	
      184	           99 	
      185	           99 	
      186	           79 	
      187	           91 	
      188	           78 	
      189	           87 	
      190	          100 	
      191	           97 	
      192	           91 	
      193	           84 	
      194	           86 	
      195	           74 	
      196	           97 	
      197	          108 	
      198	           85 	
      199	          104 	
      200	           97 	
      201	          103 	
      202	           84 	
      203	           99 	
      204	           87 	
      205	           89 	
      206	           78 	
      207	           93 	
      208	           84 	
      209	           92 	
      210	          103 	
      211	          101 	
      212	           89 	
      213	          105 	
      214	           88 	
      215	           91 	
      216	           98 	
      217	           89 	
      218	           82 	
      219	           88 	
      220	           98 	
      221	           93 	
      222	           86 	
      223	           96 	
      224	           87 	
      225	          105 	
      226	           78 	
      227	           90 	
      228	           86 	
      229	           98 	
      230	          101 	
      231	           83 	
      232	           75 	
      233	           92 	
      234	          112 	
      235	          101 	
      236	           94 	
      237	           94 	
      238	           84 	
      239	           97 	
      240	           71 	
      241	           86 	
      242	           81 	
      243	           78 	
      244	           92 	
      245	           77 	
      246	           90 	
      247	           90 	
      248	           80 	
      249	           96 	
      250	           91 	
      251	          100 	
      252	           72 	
      253	           79 	
      254	           93 	
      255	           94 	
      256	           83 	
      257	          102 	
      258	           88 	
      259	           96 	
      260	           80 	
      261	           91 	
      262	           79 	
      263	           97 	
      264	           92 	
      265	           98 	
      266	          101 	
      267	           94 	
      268	           74 	
      269	           99 	
      270	           98 	
      271	           83 	
      272	           84 	
      273	           97 	
      274	           95 	
      275	           89 	
      276	           95 	
      277	          106 	
      278	           93 	
      279	           95 	
      280	           71 	
      281	           97 	
      282	           89 	
      283	           72 	
      284	           90 	
      285	          103 	
      286	           96 	
      287	          103 	
      288	           94 	
      289	          110 	
      290	           91 	
      291	           98 	
      292	           84 	
      293	           90 	
      294	           84 	
      295	           77 	
      296	           96 	
      297	           81 	
      298	           86 	
      299	           78 	
      300	           95 	
      301	          104 	
      302	           85 	
      303	           89 	
      304	           92 	
      305	           86 	
      306	           76 	
      307	           75 	
      308	           84 	
      309	           97 	
      310	          106 	
      311	           97 	
      312	          102 	
      313	           81 	
      314	           96 	
      315	          101 	
      316	           75 	
      317	           94 	
      318	           79 	
      319	           92 	
      320	           86 	
      321	           81 	
      322	          109 	
      323	           86 	
      324	           81 	
      325	           90 	
      326	           96 	
      327	           82 	
      328	           83 	
      329	           73 	
      330	           88 	
      331	           89 	
      332	           96 	
      333	          115 	
      334	           81 	
      335	           84 	
      336	           75 	
      337	           88 	
      338	           96 	
      339	          113 	
      340	           87 	
      341	           89 	
      342	           99 	
      343	          105 	
      344	           85 	
      345	           85 	
      346	           83 	
      347	           76 	
      348	           64 	
      349	           88 	
      350	           93 	
      351	           81 	
      352	           81 	
      353	          113 	
      354	           86 	
      355	          106 	
      356	           90 	
      357	           87 	
      358	           91 	
      359	           83 	
      360	           79 	
      361	           88 	
      362	           93 	
      363	           98 	
      364	           86 	
      365	           93 	
      366	           71 	
      367	           96 	
      368	           93 	
      369	           93 	
      370	           91 	
      371	           92 	
      372	           80 	
      373	           88 	
      374	           73 	
      375	           88 	
      376	           83 	
      377	           84 	
      378	           93 	
      379	           89 	
      380	           90 	
      381	           91 	
      382	           87 	
      383	           82 	
      384	           91 	
      385	           86 	
      386	           89 	
      387	           87 	
      388	           76 	
      389	           95 	
      390	           81 	
      391	           89 	
      392	           88 	
      393	           89 	
      394	          118 	
      395	           76 	
      396	           87 	
      397	           98 	
      398	           74 	
      399	           85 	
      400	           75 	
      401	           97 	
      402	           98 	
      403	           93 	
      404	           77 	
      405	           79 	
      406	           89 	
      407	           81 	
      408	           92 	
      409	          102 	
      410	           97 	
      411	           95 	
      412	           82 	
      413	           97 	
      414	           83 	
      415	           74 	
      416	           92 	
      417	           95 	
      418	           82 	
      419	           87 	
      420	           88 	
      421	           86 	
      422	           99 	
      423	           89 	
      424	          103 	
      425	           75 	
      426	           78 	
      427	           97 	
      428	           77 	
      429	           82 	
      430	           93 	
      431	           81 	
      432	           85 	
      433	           92 	
      434	          103 	
      435	           76 	
      436	           82 	
      437	           65 	
      438	           93 	
      439	           93 	
      440	           77 	
      441	           83 	
      442	           88 	
      443	           84 	
      444	          100 	
      445	          100 	
      446	           79 	
      447	           88 	
      448	           80 	
      449	          100 	
      450	          105 	
      451	          110 	
      452	          107 	
      453	           75 	
      454	           89 	
      455	           98 	
      456	          104 	
      457	          104 	
      458	           94 	
      459	           89 	
      460	           95 	
      461	           85 	
      462	           85 	
      463	           75 	
      464	           91 	
      465	          102 	
      466	           95 	
      467	           95 	
      468	          111 	
      469	           96 	
      470	           89 	
      471	           79 	
      472	           75 	
      473	           78 	
      474	          104 	
      475	           85 	
      476	           72 	
      477	           83 	
      478	           82 	
      479	          103 	
      480	           89 	
      481	           87 	
      482	           84 	
      483	           85 	
      484	           82 	
      485	          102 	
      486	           77 	
      487	           87 	
      488	           90 	
      489	          117 	
      490	           96 	
      491	           75 	
      492	           94 	
      493	           76 	
      494	           88 	
      495	           81 	
      496	           80 	
      497	           85 	
      498	           97 	
      499	           83 	
      500	           86 	
      501	          102 	
      502	           88 	
      503	           91 	
      504	           80 	
      505	           90 	
      506	           93 	
      507	           99 	
      508	           93 	
      509	           92 	
      510	           95 	
      511	           86 	
      512	           92 	
      513	           76 	
      514	           83 	
      515	           98 	
      516	           71 	
      517	          104 	
      518	           89 	
      519	           95 	
      520	           88 	
      521	           91 	
      522	           84 	
      523	           86 	
      524	           89 	
      525	          110 	
      526	           84 	
      527	           83 	
      528	          103 	
      529	           84 	
      530	           74 	
      531	           75 	
      532	           96 	
      533	           62 	
      534	           92 	
      535	          108 	
      536	          104 	
      537	           75 	
      538	          101 	
      539	           90 	
      540	           84 	
      541	           81 	
      542	           66 	
      543	           87 	
      544	           85 	
      545	           92 	
      546	           83 	
      547	           95 	
      548	           69 	
      549	           97 	
      550	           88 	
      551	           80 	
      552	           87 	
      553	           75 	
      554	           88 	
      555	           72 	
      556	           82 	
      557	           80 	
      558	           98 	
      559	           91 	
      560	           72 	
      561	           85 	
      562	           79 	
      563	           78 	
      564	           83 	
      565	          104 	
      566	           86 	
      567	           74 	
      568	           91 	
      569	           98 	
      570	           81 	
      571	           82 	
      572	           84 	
      573	           87 	
      574	           95 	
      575	           90 	
      576	          102 	
      577	           90 	
      578	           83 	
      579	           93 	
      580	           90 	
      581	           77 	
      582	           94 	
      583	           96 	
      584	           84 	
      585	          102 	
      586	           93 	
      587	           88 	
      588	           89 	
      589	           99 	
      590	           84 	
      591	           79 	
      592	           81 	
      593	           81 	
      594	           83 	
      595	           85 	
      596	           92 	
      597	           84 	
      598	           94 	
      599	           77 	
      600	           91 	
      601	           91 	
      602	           86 	
      603	           90 	
      604	          101 	
      605	           84 	
      606	           75 	
      607	           93 	
      608	           74 	
      609	           79 	
      610	           83 	
      611	          101 	
      612	           69 	
      613	           86 	
      614	           87 	
      615	          103 	
      616	           90 	
      617	           98 	
      618	           99 	
      619	           88 	
      620	           87 	
      621	           89 	
      622	           82 	
      623	           71 	
      624	           81 	
      625	          111 	
      626	          103 	
      627	           72 	
      628	           90 	
      629	           94 	
      630	           85 	
      631	           92 	
      632	          105 	
      633	           79 	
      634	           82 	
      635	           86 	
      636	           85 	
      637	           90 	
      638	           75 	
      639	           84 	
      640	           73 	
      641	          100 	
      642	           79 	
      643	           85 	
      644	           90 	
      645	           76 	
      646	           76 	
      647	           95 	
      648	           88 	
      649	           93 	
      650	           84 	
      651	           77 	
      652	           92 	
      653	           91 	
      654	           81 	
      655	           98 	
      656	           86 	
      657	           89 	
      658	          106 	
      659	           96 	
      660	           81 	
      661	           79 	
      662	           99 	
      663	           91 	
      664	           87 	
      665	           69 	
      666	           91 	
      667	           95 	
      668	           83 	
      669	           79 	
      670	           88 	
      671	           86 	
      672	          105 	
      673	          100 	
      674	           76 	
      675	          103 	
      676	           76 	
      677	           88 	
      678	           91 	
      679	           86 	
      680	           80 	
      681	           92 	
      682	           77 	
      683	           76 	
      684	           91 	
      685	           84 	
      686	           94 	
      687	          101 	
      688	           79 	
      689	           90 	
      690	           99 	
      691	          110 	
      692	          106 	
      693	           88 	
      694	           77 	
      695	           90 	
      696	           81 	
      697	           60 	
      698	           78 	
      699	          101 	
      700	           82 	
      701	           82 	
      702	           85 	
      703	           90 	
      704	           86 	
      705	           97 	
      706	           79 	
      707	          102 	
      708	           93 	
      709	           81 	
      710	           83 	
      711	           83 	
      712	          114 	
      713	           82 	
      714	           96 	
      715	           97 	
      716	           93 	
      717	           78 	
      718	           81 	
      719	           68 	
      720	           73 	
      721	           92 	
      722	           68 	
      723	           90 	
      724	           92 	
      725	           87 	
      726	           71 	
      727	           90 	
      728	           91 	
      729	           82 	
      730	           93 	
      731	           98 	
      732	           77 	
      733	           78 	
      734	           80 	
      735	           87 	
      736	           77 	
      737	           93 	
      738	           87 	
      739	           88 	
      740	           96 	
      741	           82 	
      742	           87 	
      743	           75 	
      744	           78 	
      745	           83 	
      746	           67 	
      747	           79 	
      748	           77 	
      749	           88 	
      750	           86 	
      751	           99 	
      752	           90 	
      753	           87 	
      754	           88 	
      755	           87 	
      756	           84 	
      757	           72 	
      758	           84 	
      759	           86 	
      760	           67 	
      761	           84 	
      762	           84 	
      763	           71 	
      764	           92 	
      765	           84 	
      766	           94 	
      767	           86 	
      768	           77 	
      769	           69 	
      770	           93 	
      771	           85 	
      772	          102 	
      773	           93 	
      774	           83 	
      775	           76 	
      776	           80 	
      777	           96 	
      778	           79 	
      779	          102 	
      780	           80 	
      781	           82 	
      782	           84 	
      783	           86 	
      784	           78 	
      785	           76 	
      786	          107 	
      787	           96 	
      788	           98 	
      789	           85 	
      790	           89 	
      791	           68 	
      792	           89 	
      793	           67 	
      794	           90 	
      795	           89 	
      796	           92 	
      797	           69 	
      798	           97 	
      799	           96 	
      800	           84 	
      801	           86 	
      802	           83 	
      803	           98 	
      804	           90 	
      805	          101 	
      806	           75 	
      807	           92 	
      808	           93 	
      809	           60 	
      810	          109 	
      811	           98 	
      812	           96 	
      813	          102 	
      814	           81 	
      815	           78 	
      816	           86 	
      817	          113 	
      818	           94 	
      819	           90 	
      820	          110 	
      821	          106 	
      822	           99 	
      823	           81 	
      824	           79 	
      825	           87 	
      826	           97 	
      827	           79 	
      828	           78 	
      829	           82 	
      830	           84 	
      831	           88 	
      832	           72 	
      833	           68 	
      834	          100 	
      835	          110 	
      836	           91 	
      837	           82 	
      838	           85 	
      839	           96 	
      840	           74 	
      841	           79 	
      842	           80 	
      843	           80 	
      844	           79 	
      845	          103 	
      846	           83 	
      847	           82 	
      848	           80 	
      849	           82 	
      850	           94 	
      851	           77 	
      852	           95 	
      853	           89 	
      854	           69 	
      855	           99 	
      856	           98 	
      857	           72 	
      858	           61 	
      859	          108 	
      860	          102 	
      861	           95 	
      862	           88 	
      863	          100 	
      864	           80 	
      865	           76 	
      866	           95 	
      867	           84 	
      868	           89 	
      869	           70 	
      870	           75 	
      871	           83 	
      872	           78 	
      873	           92 	
      874	           87 	
      875	           77 	
      876	           95 	
      877	           96 	
      878	          100 	
      879	           99 	
      880	          102 	
      881	           72 	
      882	           92 	
      883	           84 	
      884	          100 	
      885	           78 	
      886	           83 	
      887	           93 	
      888	           69 	
      889	          100 	
      890	           86 	
      891	           74 	
      892	           84 	
      893	           94 	
      894	           97 	
      895	           71 	
      896	           74 	
      897	           78 	
      898	          110 	
      899	           92 	
      900	           70 	
      901	           90 	
      902	           83 	
      903	           75 	
      904	           82 	
      905	           89 	
      906	           91 	
      907	           83 	
      908	           78 	
      909	           80 	
      910	           88 	
      911	           86 	
      912	           91 	
      913	           87 	
      914	           81 	
      915	           90 	
      916	           95 	
      917	           63 	
      918	           88 	
      919	           77 	
      920	           93 	
      921	           72 	
      922	           88 	
      923	          101 	
      924	           87 	
      925	           77 	
      926	           93 	
      927	           93 	
      928	           79 	
      929	           98 	
      930	          101 	
      931	           67 	
      932	           87 	
      933	           76 	
      934	           84 	
      935	           77 	
      936	           84 	
      937	           90 	
      938	           86 	
      939	           88 	
      940	           98 	
      941	           75 	
      942	           90 	
      943	           78 	
      944	           76 	
      945	           77 	
      946	           99 	
      947	           98 	
      948	           95 	
      949	           79 	
      950	           79 	
      951	           91 	
      952	           93 	
      953	           75 	
      954	           76 	
      955	           85 	
      956	           84 	
      957	           93 	
      958	           94 	
      959	           86 	
      960	           80 	
      961	          114 	
      962	           82 	
      963	           74 	
      964	           86 	
      965	           83 	
      966	           87 	
      967	           73 	
      968	          112 	
      969	           85 	
      970	           83 	
      971	           90 	
      972	           92 	
      973	           86 	
      974	           70 	
      975	           79 	
      976	          104 	
      977	           81 	
      978	           75 	
      979	           98 	
      980	           86 	
      981	           87 	
      982	           72 	
      983	           78 	
      984	           82 	
      985	           83 	
      986	           78 	
      987	           77 	
      988	           89 	
      989	           90 	
      990	           89 	
      991	           90 	
      992	           84 	
      993	           71 	
      994	           87 	
      995	           78 	
      996	           94 	
      997	           89 	
      998	           81 	
      999	           81 	
     1000	           84 	
     1001	           80 	
     1002	           97 	
     1003	           83 	
     1004	           78 	
     1005	           82 	
     1006	           95 	
     1007	           93 	
     1008	           88 	
     1009	           92 	
     1010	           95 	
     1011	           91 	
     1012	           85 	
     1013	           72 	
     1014	           59 	
     1015	           77 	
     1016	           80 	
     1017	           86 	
     1018	          107 	
     1019	           86 	
     1020	           85 	
     1021	           90 	
     1022	           95 	
     1023	           75 	
     1024	           89 	
     1025	           78 	
     1026	           82 	
     1027	           94 	
     1028	           90 	
     1029	           91 	
     1030	           82 	
     1031	           77 	
     1032	           81 	
     1033	           87 	
     1034	           93 	
     1035	           83 	
     1036	           93 	
     1037	           87 	
     1038	           89 	
     1039	           95 	
     1040	          106 	
     1041	           91 	
     1042	           84 	
     1043	           82 	
     1044	           85 	
     1045	           82 	
     1046	           88 	
     1047	           79 	
     1048	           91 	
     1049	           85 	
     1050	           93 	
     1051	           77 	
     1052	           86 	
     1053	           80 	
     1054	           66 	
     1055	           79 	
     1056	           78 	
     1057	           89 	
     1058	           80 	
     1059	           94 	
     1060	           66 	
     1061	           65 	
     1062	           89 	
     1063	           95 	
     1064	           92 	
     1065	          104 	
     1066	           99 	
     1067	           94 	
     1068	          102 	
     1069	           85 	
     1070	           84 	
     1071	           70 	
     1072	           95 	
     1073	           91 	
     1074	          107 	
     1075	           79 	
     1076	           94 	
     1077	           84 	
     1078	           80 	
     1079	           71 	
     1080	           77 	
     1081	           85 	
     1082	           82 	
     1083	           92 	
     1084	          100 	
     1085	           93 	
     1086	           88 	
     1087	           96 	
     1088	           82 	
     1089	           96 	
     1090	           87 	
     1091	           65 	
     1092	           81 	
     1093	           75 	
     1094	           74 	
     1095	           91 	
     1096	           89 	
     1097	           93 	
     1098	           93 	
     1099	           88 	
     1100	           76 	
     1101	          100 	
     1102	           81 	
     1103	           86 	
     1104	           75 	
     1105	           87 	
     1106	           95 	
     1107	           80 	
     1108	           88 	
     1109	           67 	
     1110	           96 	
     1111	           91 	
     1112	           83 	
     1113	           96 	
     1114	           85 	
     1115	           79 	
     1116	           79 	
     1117	           77 	
     1118	           86 	
     1119	           84 	
     1120	           82 	
     1121	           77 	
     1122	           76 	
     1123	           82 	
     1124	           92 	
     1125	           85 	
     1126	           90 	
     1127	          110 	
     1128	           82 	
     1129	           69 	
     1130	           80 	
     1131	           72 	
     1132	           76 	
     1133	           96 	
     1134	           91 	
     1135	           95 	
     1136	           82 	
     1137	           96 	
     1138	           72 	
     1139	          105 	
     1140	          104 	
     1141	           85 	
     1142	           93 	
     1143	           90 	
     1144	           81 	
     1145	           82 	
     1146	           89 	
     1147	           84 	
     1148	           93 	
     1149	           92 	
     1150	          102 	
     1151	           87 	
     1152	           77 	
     1153	           70 	
     1154	          115 	
     1155	           74 	
     1156	           98 	
     1157	           89 	
     1158	           76 	
     1159	           63 	
     1160	           98 	
     1161	           78 	
     1162	           89 	
     1163	           89 	
     1164	           76 	
     1165	           80 	
     1166	           90 	
     1167	          103 	
     1168	           98 	
     1169	           93 	
     1170	           91 	
     1171	           74 	
     1172	           76 	
     1173	           79 	
     1174	           83 	
     1175	           95 	
     1176	           67 	
     1177	          102 	
     1178	           86 	
     1179	           79 	
     1180	           75 	
     1181	          120 	
     1182	           73 	
     1183	           69 	
     1184	           80 	
     1185	           78 	
     1186	           62 	
     1187	           90 	
     1188	           73 	
     1189	           78 	
     1190	           80 	
     1191	           82 	
     1192	           77 	
     1193	           80 	
     1194	           72 	
     1195	           88 	
     1196	           99 	
     1197	           93 	
     1198	           99 	
     1199	           84 	
     1200	          116 	
     1201	           93 	
     1202	           80 	
     1203	           76 	
     1204	           81 	
     1205	           72 	
     1206	           77 	
     1207	          100 	
     1208	           79 	
     1209	           85 	
     1210	           82 	
     1211	           78 	
     1212	           90 	
     1213	           82 	
     1214	           83 	
     1215	           92 	
     1216	           88 	
     1217	           79 	
     1218	           76 	
     1219	           94 	
     1220	           91 	
     1221	           71 	
     1222	           98 	
     1223	           72 	
     1224	           73 	
     1225	          103 	
     1226	           91 	
     1227	           80 	
     1228	           98 	
     1229	           79 	
     1230	           83 	
     1231	           69 	
     1232	           90 	
     1233	           78 	
     1234	           96 	
     1235	           79 	
     1236	           90 	
     1237	           81 	
     1238	           80 	
     1239	           88 	
     1240	           79 	
     1241	           81 	
     1242	           77 	
     1243	           78 	
     1244	           78 	
     1245	           92 	
     1246	           92 	
     1247	           77 	
     1248	           81 	
     1249	           82 	
     1250	           85 	
     1251	           74 	
     1252	           77 	
     1253	          119 	
     1254	           94 	
     1255	           88 	
     1256	          106 	
     1257	           71 	
     1258	           89 	
     1259	           91 	
     1260	           87 	
     1261	          101 	
     1262	           67 	
     1263	          102 	
     1264	           78 	
     1265	           84 	
     1266	           91 	
     1267	           94 	
     1268	           93 	
     1269	           82 	
     1270	           88 	
     1271	           82 	
     1272	           92 	
     1273	           89 	
     1274	           92 	
     1275	          100 	
     1276	           92 	
     1277	           89 	
     1278	           77 	
     1279	           85 	
     1280	           85 	
     1281	          108 	
     1282	           74 	
     1283	           60 	
     1284	           78 	
     1285	           91 	
     1286	           89 	
     1287	           95 	
     1288	           83 	
     1289	           99 	
     1290	           88 	
     1291	           75 	
     1292	           86 	
     1293	          100 	
     1294	           83 	
     1295	           93 	
     1296	           79 	
     1297	           91 	
     1298	           79 	
     1299	           85 	
     1300	           83 	
     1301	           95 	
     1302	           86 	
     1303	           86 	
     1304	           87 	
     1305	           80 	
     1306	           89 	
     1307	           84 	
     1308	           92 	
     1309	           92 	
     1310	           81 	
     1311	           83 	
     1312	           84 	
     1313	           84 	
     1314	           94 	
     1315	           82 	
     1316	           85 	
     1317	           77 	
     1318	          104 	
     1319	           80 	
     1320	           72 	
     1321	           75 	
     1322	           77 	
     1323	           65 	
     1324	           65 	
     1325	           88 	
     1326	           88 	
     1327	           67 	
     1328	           92 	
     1329	           88 	
     1330	          106 	
     1331	           95 	
     1332	           70 	
     1333	           79 	
     1334	           86 	
     1335	           95 	
     1336	          100 	
     1337	           86 	
     1338	           89 	
     1339	           90 	
     1340	           99 	
     1341	           84 	
     1342	           72 	
     1343	          100 	
     1344	           82 	
     1345	           78 	
     1346	           96 	
     1347	           80 	
     1348	           80 	
     1349	           91 	
     1350	           80 	
     1351	           69 	
     1352	           88 	
     1353	           90 	
     1354	           82 	
     1355	           88 	
     1356	           70 	
     1357	          104 	
     1358	          102 	
     1359	           94 	
     1360	           99 	
     1361	           86 	
     1362	           81 	
     1363	           73 	
     1364	           84 	
     1365	           79 	
     1366	          100 	
     1367	           89 	
     1368	           98 	
     1369	          103 	
     1370	           71 	
     1371	          100 	
     1372	          112 	
     1373	           76 	
     1374	           89 	
     1375	           92 	
     1376	           85 	
     1377	           91 	
     1378	           84 	
     1379	           78 	
     1380	           79 	
     1381	           95 	
     1382	           87 	
     1383	           70 	
     1384	           94 	
     1385	           95 	
     1386	           99 	
     1387	           80 	
     1388	           93 	
     1389	           95 	
     1390	           97 	
     1391	          104 	
     1392	           73 	
     1393	           86 	
     1394	           77 	
     1395	           85 	
     1396	           86 	
     1397	          103 	
     1398	           94 	
     1399	           87 	
     1400	           81 	
     1401	           74 	
     1402	           70 	
     1403	           86 	
     1404	           77 	
     1405	           99 	
     1406	           73 	
     1407	           83 	
     1408	           81 	
     1409	           69 	
     1410	           96 	
     1411	          102 	
     1412	           95 	
     1413	           95 	
     1414	          101 	
     1415	           85 	
     1416	          102 	
     1417	           92 	
     1418	           86 	
     1419	           85 	
     1420	           95 	
     1421	           90 	
     1422	           98 	
     1423	           87 	
     1424	           77 	
     1425	           87 	
     1426	           68 	
     1427	           94 	
     1428	           80 	
     1429	           89 	
     1430	           78 	
     1431	           92 	
     1432	           82 	
     1433	           90 	
     1434	           90 	
     1435	          103 	
     1436	           84 	
     1437	           99 	
     1438	           79 	
     1439	           94 	
     1440	           97 	
     1441	           92 	
     1442	           77 	
     1443	           85 	
     1444	           86 	
     1445	           85 	
     1446	          100 	
     1447	           86 	
     1448	           74 	
     1449	           79 	
     1450	           81 	
     1451	           72 	
     1452	           99 	
     1453	           90 	
     1454	           98 	
     1455	          108 	
     1456	           98 	
     1457	           93 	
     1458	           89 	
     1459	           98 	
     1460	           80 	
     1461	           98 	
     1462	           91 	
     1463	           69 	
     1464	           76 	
     1465	           97 	
     1466	           76 	
     1467	          100 	
     1468	           81 	
     1469	           84 	
     1470	           89 	
     1471	           76 	
     1472	           83 	
     1473	           81 	
     1474	           81 	
     1475	           85 	
     1476	           85 	
     1477	           95 	
     1478	           87 	
     1479	           81 	
     1480	           76 	
     1481	          104 	
     1482	          102 	
     1483	           89 	
     1484	           79 	
     1485	           85 	
     1486	           88 	
     1487	           82 	
     1488	           99 	
     1489	           78 	
     1490	           97 	
     1491	           76 	
     1492	           93 	
     1493	          112 	
     1494	           86 	
     1495	           77 	
     1496	           83 	
     1497	           99 	
     1498	           82 	
     1499	           71 	
     1500	           68 	
     1501	           85 	
     1502	           80 	
     1503	           88 	
     1504	           90 	
     1505	           70 	
     1506	           83 	
     1507	           72 	
     1508	           88 	
     1509	           74 	
     1510	           90 	
     1511	           93 	
     1512	           82 	
     1513	           83 	
     1514	           99 	
     1515	          101 	
     1516	           91 	
     1517	           91 	
     1518	           75 	
     1519	           79 	
     1520	           68 	
     1521	           97 	
     1522	           90 	
     1523	           87 	
     1524	           81 	
     1525	          100 	
     1526	           73 	
     1527	           89 	
     1528	           93 	
     1529	           88 	
     1530	           89 	
     1531	           89 	
     1532	           85 	
     1533	          103 	
     1534	           94 	
     1535	           84 	
     1536	           99 	
     1537	           87 	
     1538	           84 	
     1539	           76 	
     1540	           61 	
     1541	          101 	
     1542	           96 	
     1543	           85 	
     1544	           76 	
     1545	           94 	
     1546	           99 	
     1547	           84 	
     1548	           90 	
     1549	           82 	
     1550	           94 	
     1551	          106 	
     1552	           96 	
     1553	           81 	
     1554	           67 	
     1555	           97 	
     1556	           87 	
     1557	           87 	
     1558	           82 	
     1559	           96 	
     1560	           93 	
     1561	           87 	
     1562	          102 	
     1563	          114 	
     1564	           87 	
     1565	           85 	
     1566	           94 	
     1567	           87 	
     1568	           90 	
     1569	           84 	
     1570	           82 	
     1571	           85 	
     1572	           78 	
     1573	           75 	
     1574	          102 	
     1575	           83 	
     1576	           89 	
     1577	           81 	
     1578	           64 	
     1579	           74 	
     1580	           97 	
     1581	          104 	
     1582	           92 	
     1583	           80 	
     1584	           79 	
     1585	           95 	
     1586	          105 	
     1587	           82 	
     1588	           86 	
     1589	           92 	
     1590	           96 	
     1591	           66 	
     1592	           82 	
     1593	           80 	
     1594	           89 	
     1595	          102 	
     1596	           83 	
     1597	          100 	
     1598	           94 	
     1599	           82 	
     1600	           96 	
     1601	           76 	
     1602	           81 	
     1603	           77 	
     1604	           76 	
     1605	           82 	
     1606	           77 	
     1607	           93 	
     1608	           72 	
     1609	           90 	
     1610	           96 	
     1611	           96 	
     1612	           88 	
     1613	           87 	
     1614	           91 	
     1615	           89 	
     1616	           81 	
     1617	           85 	
     1618	           79 	
     1619	           76 	
     1620	           86 	
     1621	           69 	
     1622	           91 	
     1623	           90 	
     1624	           83 	
     1625	           76 	
     1626	           90 	
     1627	           81 	
     1628	           93 	
     1629	           82 	
     1630	           78 	
     1631	           93 	
     1632	           75 	
     1633	           82 	
     1634	           80 	
     1635	           88 	
     1636	           94 	
     1637	           87 	
     1638	           82 	
     1639	           76 	
     1640	           70 	
     1641	           93 	
     1642	           87 	
     1643	           82 	
     1644	           91 	
     1645	           88 	
     1646	           97 	
     1647	           90 	
     1648	           91 	
     1649	           79 	
     1650	           98 	
     1651	           84 	
     1652	           71 	
     1653	           64 	
     1654	           65 	
     1655	          100 	
     1656	           87 	
     1657	           80 	
     1658	           90 	
     1659	          111 	
     1660	           97 	
     1661	           70 	
     1662	           78 	
     1663	           97 	
     1664	           93 	
     1665	           76 	
     1666	           78 	
     1667	           78 	
     1668	           82 	
     1669	           81 	
     1670	           89 	
     1671	           88 	
     1672	           94 	
     1673	           74 	
     1674	           87 	
     1675	           78 	
     1676	           95 	
     1677	           90 	
     1678	           76 	
     1679	           73 	
     1680	           96 	
     1681	           97 	
     1682	           83 	
     1683	           81 	
     1684	           82 	
     1685	           88 	
     1686	           84 	
     1687	           86 	
     1688	           85 	
     1689	           84 	
     1690	           91 	
     1691	           94 	
     1692	           68 	
     1693	           95 	
     1694	           80 	
     1695	           84 	
     1696	           86 	
     1697	           79 	
     1698	           94 	
     1699	           92 	
     1700	           94 	
     1701	          103 	
     1702	           97 	
     1703	           93 	
     1704	           64 	
     1705	           78 	
     1706	           70 	
     1707	           87 	
     1708	           91 	
     1709	           90 	
     1710	           89 	
     1711	           96 	
     1712	           92 	
     1713	           87 	
     1714	           79 	
     1715	           75 	
     1716	           87 	
     1717	           98 	
     1718	           86 	
     1719	           90 	
     1720	           85 	
     1721	           99 	
     1722	           99 	
     1723	           64 	
     1724	           92 	
     1725	           73 	
     1726	           82 	
     1727	           79 	
     1728	          101 	
     1729	           77 	
     1730	           73 	
     1731	           93 	
     1732	           79 	
     1733	           79 	
     1734	           96 	
     1735	           80 	
     1736	           75 	
     1737	           84 	
     1738	           79 	
     1739	           78 	
     1740	           89 	
     1741	           87 	
     1742	           86 	
     1743	          101 	
     1744	           85 	
     1745	           86 	
     1746	           83 	
     1747	           90 	
     1748	           92 	
     1749	           75 	
     1750	           87 	
     1751	           93 	
     1752	           86 	
     1753	           88 	
     1754	           87 	
     1755	           85 	
     1756	           82 	
     1757	           79 	
     1758	           71 	
     1759	           84 	
     1760	           75 	
     1761	           92 	
     1762	           92 	
     1763	           81 	
     1764	           76 	
     1765	           88 	
     1766	           79 	
     1767	           85 	
     1768	           89 	
     1769	           89 	
     1770	           77 	
     1771	           81 	
     1772	           86 	
     1773	           93 	
     1774	           90 	
     1775	           96 	
     1776	           77 	
     1777	           84 	
     1778	           81 	
     1779	           78 	
     1780	           92 	
     1781	           79 	
     1782	           89 	
     1783	           76 	
     1784	           79 	
     1785	           75 	
     1786	           95 	
     1787	           73 	
     1788	           86 	
     1789	           98 	
     1790	           87 	
     1791	           82 	
     1792	           95 	
     1793	           92 	
     1794	           86 	
     1795	           97 	
     1796	           78 	
     1797	           86 	
     1798	           79 	
     1799	           98 	
     1800	           87 	
     1801	           87 	
     1802	           96 	
     1803	           88 	
     1804	          102 	
     1805	           91 	
     1806	           78 	
     1807	           88 	
     1808	           72 	
     1809	           74 	
     1810	           85 	
     1811	           72 	
     1812	           82 	
     1813	           81 	
     1814	           98 	
     1815	           80 	
     1816	           87 	
     1817	           92 	
     1818	           71 	
     1819	           87 	
     1820	           83 	
     1821	           95 	
     1822	           88 	
     1823	           81 	
     1824	           88 	
     1825	           96 	
     1826	           92 	
     1827	           92 	
     1828	           97 	
     1829	           88 	
     1830	           93 	
     1831	          100 	
     1832	           76 	
     1833	           80 	
     1834	           88 	
     1835	           74 	
     1836	          105 	
     1837	           87 	
     1838	           65 	
     1839	           73 	
     1840	           81 	
     1841	           95 	
     1842	           85 	
     1843	           93 	
     1844	           97 	
     1845	           91 	
     1846	           82 	
     1847	           85 	
     1848	           94 	
     1849	           78 	
     1850	          111 	
     1851	           87 	
     1852	           83 	
     1853	           86 	
     1854	           90 	
     1855	           73 	
     1856	           95 	
     1857	           82 	
     1858	           95 	
     1859	           87 	
     1860	           72 	
     1861	           91 	
     1862	           90 	
     1863	           81 	
     1864	           96 	
     1865	           75 	
     1866	           74 	
     1867	           79 	
     1868	           82 	
     1869	           91 	
     1870	           91 	
     1871	           89 	
     1872	           83 	
     1873	          104 	
     1874	           96 	
     1875	           81 	
     1876	           96 	
     1877	           78 	
     1878	           82 	
     1879	           81 	
     1880	          101 	
     1881	          101 	
     1882	           84 	
     1883	           92 	
     1884	           92 	
     1885	           82 	
     1886	           95 	
     1887	           72 	
     1888	          100 	
     1889	           95 	
     1890	          101 	
     1891	           83 	
     1892	           79 	
     1893	           89 	
     1894	           84 	
     1895	          103 	
     1896	           83 	
     1897	           93 	
     1898	           91 	
     1899	           90 	
     1900	           92 	
     1901	           92 	
     1902	           99 	
     1903	           95 	
     1904	           93 	
     1905	           99 	
     1906	          112 	
     1907	           82 	
     1908	           73 	
     1909	           95 	
     1910	           90 	
     1911	           72 	
     1912	           91 	
     1913	           85 	
     1914	           71 	
     1915	           88 	
     1916	           72 	
     1917	           78 	
     1918	           85 	
     1919	           88 	
     1920	           80 	
     1921	           87 	
     1922	           93 	
     1923	           91 	
     1924	           81 	
     1925	           90 	
     1926	          102 	
     1927	           91 	
     1928	           83 	
     1929	           96 	
     1930	           87 	
     1931	           97 	
     1932	           75 	
     1933	           93 	
     1934	           84 	
     1935	           88 	
     1936	           97 	
     1937	           93 	
     1938	           72 	
     1939	           70 	
     1940	          109 	
     1941	           90 	
     1942	           80 	
     1943	           77 	
     1944	           86 	
     1945	           83 	
     1946	           87 	
     1947	           96 	
     1948	           68 	
     1949	           78 	
     1950	           74 	
     1951	          100 	
     1952	          101 	
     1953	           86 	
     1954	           87 	
     1955	           91 	
     1956	           85 	
     1957	           81 	
     1958	           88 	
     1959	           73 	
     1960	           93 	
     1961	           78 	
     1962	           93 	
     1963	           88 	
     1964	           92 	
     1965	           82 	
     1966	           70 	
     1967	           91 	
     1968	           73 	
     1969	           84 	
     1970	          100 	
     1971	           99 	
     1972	           82 	
     1973	           84 	
     1974	          102 	
     1975	           77 	
     1976	           78 	
     1977	           77 	
     1978	           92 	
     1979	           86 	
     1980	          102 	
     1981	           84 	
     1982	           83 	
     1983	          100 	
     1984	           90 	
     1985	           83 	
     1986	           92 	
     1987	           84 	
     1988	           95 	
     1989	           80 	
     1990	           76 	
     1991	           90 	
     1992	           87 	
     1993	           74 	
     1994	           83 	
     1995	           77 	
     1996	           97 	
     1997	           72 	
     1998	           86 	
     1999	           95 	
     2000	           90 	
