Thorlabs Single Photon Counter Data Export

Date (YYYY-MM-DD):	2025-09-12
Time (HH:MM:SS):	23:25:37
Device Name:	SPCM50A
Serial Number:	M00296614
GUI Revision:	1.0 Build 23
Driver Revision:	1.1.0
Firmware Revision:	1.0.0

Application settings:
Operating Mode:	Free Running Timed Counter
Bin Length [ms]:	1
Time between Bins [ms]:	0.001
Pulse Blind Time [ns]:	0
Trigger Edge:	non-applicable
Array Measurement:	Yes
Array Measurement Continuously:	No
Bins per Array:	2000
Active APD Gating:	No
Fan Off:	No

Bin Number 	Counts per Bin 	Remarks
        1	           76 	
        2	           86 	
        3	           93 	
        4	           83 	
        5	          102 	
        6	           96 	
        7	          100 	
        8	           75 	
        9	           69 	
       10	           76 	
       11	           68 	
       12	           89 	
       13	           88 	
       14	           77 	
       15	           81 	
       16	           91 	
       17	           85 	
       18	           85 	
       19	           98 	
       20	          111 	
       21	           78 	
       22	           94 	
       23	           94 	
       24	           88 	
       25	           71 	
       26	           80 	
       27	           84 	
       28	           94 	
       29	           89 	
       30	           73 	
       31	           76 	
       32	           95 	
       33	           78 	
       34	           92 	
       35	           91 	
       36	           88 	
       37	           66 	
       38	           76 	
       39	           68 	
       40	           77 	
       41	           86 	
       42	           96 	
       43	           83 	
       44	           88 	
       45	           76 	
       46	           88 	
       47	          100 	
       48	           81 	
       49	           85 	
       50	           72 	
       51	           99 	
       52	           88 	
       53	           73 	
       54	           96 	
       55	           98 	
       56	           76 	
       57	           78 	
       58	          104 	
       59	          106 	
       60	           69 	
       61	          103 	
       62	          100 	
       63	           70 	
       64	          101 	
       65	           91 	
       66	           91 	
       67	           82 	
       68	           94 	
       69	           98 	
       70	           77 	
       71	           77 	
       72	           94 	
       73	           77 	
       74	           91 	
       75	           79 	
       76	           80 	
       77	           84 	
       78	           83 	
       79	           78 	
       80	           66 	
       81	           91 	
       82	           99 	
       83	           86 	
       84	           94 	
       85	           95 	
       86	           92 	
       87	           95 	
       88	           89 	
       89	           89 	
       90	           57 	
       91	          100 	
       92	           99 	
       93	           95 	
       94	           90 	
       95	           90 	
       96	           82 	
       97	           76 	
       98	           91 	
       99	           86 	
      100	           88 	
      101	           87 	
      102	           80 	
      103	          100 	
      104	           80 	
      105	           79 	
      106	           86 	
      107	          100 	
      108	           67 	
      109	          108 	
      110	           93 	
      111	           89 	
      112	           82 	
      113	           83 	
      114	           74 	
      115	           82 	
      116	           89 	
      117	           78 	
      118	           85 	
      119	           76 	
      120	           96 	
      121	           77 	
      122	           90 	
      123	           86 	
      124	           95 	
      125	          102 	
      126	           93 	
      127	           87 	
      128	           66 	
      129	           91 	
      130	           92 	
      131	           89 	
      132	           76 	
      133	           88 	
      134	           90 	
      135	           84 	
      136	           90 	
      137	           85 	
      138	           81 	
      139	           90 	
      140	           83 	
      141	          100 	
      142	           93 	
      143	           98 	
      144	           68 	
      145	           79 	
      146	           86 	
      147	           80 	
      148	           84 	
      149	           80 	
      150	           73 	
      151	           89 	
      152	           81 	
      153	           88 	
      154	           76 	
      155	           82 	
      156	           66 	
      157	           90 	
      158	           76 	
      159	           92 	
      160	           71 	
      161	           85 	
      162	           79 	
      163	           77 	
      164	           78 	
      165	           87 	
      166	           90 	
      167	           89 	
      168	           84 	
      169	           95 	
      170	           86 	
      171	           84 	
      172	           91 	
      173	           88 	
      174	           89 	
      175	           81 	
      176	           92 	
      177	          104 	
      178	           79 	
      179	           93 	
      180	           86 	
      181	           94 	
      182	           84 	
      183	           89 	
      184	           91 	
      185	           81 	
      186	           91 	
      187	           91 	
      188	           81 	
      189	           99 	
      190	           79 	
      191	           84 	
      192	           77 	
      193	           83 	
      194	           72 	
      195	           79 	
      196	           92 	
      197	           92 	
      198	           91 	
      199	           88 	
      200	           84 	
      201	           80 	
      202	           74 	
      203	           94 	
      204	           92 	
      205	           87 	
      206	           90 	
      207	          106 	
      208	           84 	
      209	           85 	
      210	           79 	
      211	           74 	
      212	           89 	
      213	           81 	
      214	           79 	
      215	           70 	
      216	           81 	
      217	           84 	
      218	           84 	
      219	           86 	
      220	           88 	
      221	          102 	
      222	           90 	
      223	           90 	
      224	           81 	
      225	           74 	
      226	           90 	
      227	           91 	
      228	           78 	
      229	           72 	
      230	           84 	
      231	           78 	
      232	           76 	
      233	           72 	
      234	           80 	
      235	           74 	
      236	           85 	
      237	          100 	
      238	           92 	
      239	           75 	
      240	           86 	
      241	           71 	
      242	           81 	
      243	           83 	
      244	           89 	
      245	           73 	
      246	           73 	
      247	           89 	
      248	          107 	
      249	           89 	
      250	           96 	
      251	           92 	
      252	          113 	
      253	           77 	
      254	           89 	
      255	           86 	
      256	           80 	
      257	           88 	
      258	           86 	
      259	           79 	
      260	           74 	
      261	           84 	
      262	           85 	
      263	           68 	
      264	           91 	
      265	           82 	
      266	           85 	
      267	           92 	
      268	           79 	
      269	           75 	
      270	           87 	
      271	           76 	
      272	           81 	
      273	           85 	
      274	           97 	
      275	           90 	
      276	           77 	
      277	           86 	
      278	          110 	
      279	          100 	
      280	          104 	
      281	           80 	
      282	           85 	
      283	           96 	
      284	           88 	
      285	           79 	
      286	           74 	
      287	           94 	
      288	           72 	
      289	           95 	
      290	           75 	
      291	           76 	
      292	           90 	
      293	           75 	
      294	           96 	
      295	           87 	
      296	           97 	
      297	          115 	
      298	           90 	
      299	           79 	
      300	           72 	
      301	           80 	
      302	           66 	
      303	           81 	
      304	           85 	
      305	           90 	
      306	           92 	
      307	           95 	
      308	           95 	
      309	           94 	
      310	          107 	
      311	           62 	
      312	           93 	
      313	           84 	
      314	           60 	
      315	           86 	
      316	           95 	
      317	           91 	
      318	          108 	
      319	           91 	
      320	           82 	
      321	           89 	
      322	           79 	
      323	           95 	
      324	           67 	
      325	          114 	
      326	           92 	
      327	           95 	
      328	           87 	
      329	          100 	
      330	           70 	
      331	           75 	
      332	           95 	
      333	           89 	
      334	           78 	
      335	           92 	
      336	           83 	
      337	           76 	
      338	          103 	
      339	           96 	
      340	           90 	
      341	           88 	
      342	           78 	
      343	           76 	
      344	           91 	
      345	           84 	
      346	          109 	
      347	           89 	
      348	          101 	
      349	           82 	
      350	           93 	
      351	           79 	
      352	           90 	
      353	           73 	
      354	           84 	
      355	           94 	
      356	           75 	
      357	           85 	
      358	           83 	
      359	           83 	
      360	           95 	
      361	           88 	
      362	           93 	
      363	           91 	
      364	           79 	
      365	           65 	
      366	           86 	
      367	          109 	
      368	           76 	
      369	           80 	
      370	           72 	
      371	           87 	
      372	           91 	
      373	           94 	
      374	           93 	
      375	           86 	
      376	           71 	
      377	           85 	
      378	           82 	
      379	           99 	
      380	           81 	
      381	           91 	
      382	           91 	
      383	           80 	
      384	           98 	
      385	           87 	
      386	           85 	
      387	           81 	
      388	           79 	
      389	           77 	
      390	          101 	
      391	           72 	
      392	           87 	
      393	           86 	
      394	           74 	
      395	           78 	
      396	           71 	
      397	           93 	
      398	           95 	
      399	           90 	
      400	          105 	
      401	           93 	
      402	           81 	
      403	           70 	
      404	          100 	
      405	           92 	
      406	          103 	
      407	           78 	
      408	           91 	
      409	           89 	
      410	           73 	
      411	           83 	
      412	           86 	
      413	           75 	
      414	           88 	
      415	           86 	
      416	           86 	
      417	           97 	
      418	           76 	
      419	           99 	
      420	           83 	
      421	           77 	
      422	           70 	
      423	           75 	
      424	           91 	
      425	           88 	
      426	           69 	
      427	           79 	
      428	           81 	
      429	           77 	
      430	           81 	
      431	           96 	
      432	           96 	
      433	           84 	
      434	           74 	
      435	          108 	
      436	           81 	
      437	           86 	
      438	           76 	
      439	          103 	
      440	           97 	
      441	           93 	
      442	           86 	
      443	           93 	
      444	           93 	
      445	           77 	
      446	           93 	
      447	           93 	
      448	           90 	
      449	           87 	
      450	           83 	
      451	           77 	
      452	           94 	
      453	          102 	
      454	           88 	
      455	           79 	
      456	           96 	
      457	           87 	
      458	           84 	
      459	           82 	
      460	           93 	
      461	           86 	
      462	          102 	
      463	           94 	
      464	           97 	
      465	           85 	
      466	           82 	
      467	           81 	
      468	           81 	
      469	           88 	
      470	           97 	
      471	           87 	
      472	           50 	
      473	           88 	
      474	           89 	
      475	           96 	
      476	           75 	
      477	          101 	
      478	           73 	
      479	           96 	
      480	           86 	
      481	           91 	
      482	           96 	
      483	           95 	
      484	           74 	
      485	           75 	
      486	           99 	
      487	           75 	
      488	          104 	
      489	          100 	
      490	           93 	
      491	           78 	
      492	           83 	
      493	           99 	
      494	          101 	
      495	           83 	
      496	           88 	
      497	           85 	
      498	           81 	
      499	           87 	
      500	           67 	
      501	           93 	
      502	           89 	
      503	          104 	
      504	           81 	
      505	           69 	
      506	           74 	
      507	           81 	
      508	           72 	
      509	           89 	
      510	           95 	
      511	           94 	
      512	           95 	
      513	           96 	
      514	           78 	
      515	           94 	
      516	           83 	
      517	           94 	
      518	           79 	
      519	           87 	
      520	           94 	
      521	          102 	
      522	           91 	
      523	          100 	
      524	           66 	
      525	           79 	
      526	           95 	
      527	           93 	
      528	           97 	
      529	           90 	
      530	           79 	
      531	           98 	
      532	           87 	
      533	           81 	
      534	           87 	
      535	           86 	
      536	           83 	
      537	           99 	
      538	           96 	
      539	           86 	
      540	          103 	
      541	          101 	
      542	           85 	
      543	           89 	
      544	           87 	
      545	           90 	
      546	           86 	
      547	           79 	
      548	           76 	
      549	           98 	
      550	           79 	
      551	           74 	
      552	           80 	
      553	           65 	
      554	           86 	
      555	           92 	
      556	          102 	
      557	           93 	
      558	           82 	
      559	           91 	
      560	           90 	
      561	           84 	
      562	           77 	
      563	           91 	
      564	           86 	
      565	           87 	
      566	           84 	
      567	           90 	
      568	           90 	
      569	           90 	
      570	           83 	
      571	           76 	
      572	           75 	
      573	           85 	
      574	           93 	
      575	           92 	
      576	           73 	
      577	           77 	
      578	           69 	
      579	           91 	
      580	           88 	
      581	           98 	
      582	           94 	
      583	           87 	
      584	           89 	
      585	           75 	
      586	           72 	
      587	           98 	
      588	           88 	
      589	           85 	
      590	           86 	
      591	           92 	
      592	           87 	
      593	           81 	
      594	          100 	
      595	           98 	
      596	           98 	
      597	           83 	
      598	           76 	
      599	           69 	
      600	           84 	
      601	           86 	
      602	           96 	
      603	           83 	
      604	          102 	
      605	           92 	
      606	           97 	
      607	           78 	
      608	           88 	
      609	           85 	
      610	           81 	
      611	           92 	
      612	           90 	
      613	           97 	
      614	           81 	
      615	           95 	
      616	           96 	
      617	          113 	
      618	          111 	
      619	           96 	
      620	           79 	
      621	           92 	
      622	           86 	
      623	           74 	
      624	           88 	
      625	           84 	
      626	           76 	
      627	           86 	
      628	           81 	
      629	           87 	
      630	           84 	
      631	           79 	
      632	          105 	
      633	           84 	
      634	           86 	
      635	           85 	
      636	           96 	
      637	           96 	
      638	           92 	
      639	           83 	
      640	          101 	
      641	           83 	
      642	           82 	
      643	           71 	
      644	           74 	
      645	           94 	
      646	           95 	
      647	           90 	
      648	           82 	
      649	           94 	
      650	           87 	
      651	           70 	
      652	           85 	
      653	           96 	
      654	           89 	
      655	           86 	
      656	           79 	
      657	           95 	
      658	           97 	
      659	           94 	
      660	           68 	
      661	           84 	
      662	           96 	
      663	           83 	
      664	           93 	
      665	           87 	
      666	           82 	
      667	           92 	
      668	           97 	
      669	           78 	
      670	           82 	
      671	           79 	
      672	           66 	
      673	           71 	
      674	           86 	
      675	           83 	
      676	           90 	
      677	           83 	
      678	           76 	
      679	           83 	
      680	           80 	
      681	           76 	
      682	           76 	
      683	           78 	
      684	           89 	
      685	           76 	
      686	           86 	
      687	           97 	
      688	           95 	
      689	           75 	
      690	           69 	
      691	           92 	
      692	           93 	
      693	           78 	
      694	           93 	
      695	           86 	
      696	          106 	
      697	           92 	
      698	           79 	
      699	           83 	
      700	           74 	
      701	          103 	
      702	           81 	
      703	           76 	
      704	           73 	
      705	           79 	
      706	           93 	
      707	           88 	
      708	           87 	
      709	           94 	
      710	           96 	
      711	           88 	
      712	           87 	
      713	           79 	
      714	           77 	
      715	           95 	
      716	           76 	
      717	           60 	
      718	           76 	
      719	           91 	
      720	           97 	
      721	           98 	
      722	           84 	
      723	           79 	
      724	           87 	
      725	           84 	
      726	           73 	
      727	           82 	
      728	           96 	
      729	           94 	
      730	          102 	
      731	           84 	
      732	           66 	
      733	           78 	
      734	           79 	
      735	           90 	
      736	           90 	
      737	           81 	
      738	           86 	
      739	           86 	
      740	           88 	
      741	           88 	
      742	          104 	
      743	           81 	
      744	          104 	
      745	           88 	
      746	           89 	
      747	           95 	
      748	           78 	
      749	           78 	
      750	           80 	
      751	           70 	
      752	           77 	
      753	           93 	
      754	           90 	
      755	           93 	
      756	           84 	
      757	           72 	
      758	           70 	
      759	           82 	
      760	           79 	
      761	           86 	
      762	           96 	
      763	           88 	
      764	           85 	
      765	           84 	
      766	           93 	
      767	           78 	
      768	           84 	
      769	           66 	
      770	           77 	
      771	           86 	
      772	           66 	
      773	           92 	
      774	           88 	
      775	           89 	
      776	          104 	
      777	           87 	
      778	           90 	
      779	           88 	
      780	           84 	
      781	           75 	
      782	           99 	
      783	           91 	
      784	           97 	
      785	           85 	
      786	           86 	
      787	           80 	
      788	           92 	
      789	           83 	
      790	           97 	
      791	           69 	
      792	           97 	
      793	           83 	
      794	           73 	
      795	           87 	
      796	           81 	
      797	           77 	
      798	           92 	
      799	           99 	
      800	           90 	
      801	           74 	
      802	           79 	
      803	           78 	
      804	           78 	
      805	           86 	
      806	           75 	
      807	           99 	
      808	           96 	
      809	           74 	
      810	           78 	
      811	           92 	
      812	          104 	
      813	           92 	
      814	           87 	
      815	           81 	
      816	           73 	
      817	           88 	
      818	           94 	
      819	           95 	
      820	           88 	
      821	           91 	
      822	           79 	
      823	           91 	
      824	           75 	
      825	           85 	
      826	           83 	
      827	           72 	
      828	           77 	
      829	           97 	
      830	          111 	
      831	           85 	
      832	           97 	
      833	           99 	
      834	           83 	
      835	           91 	
      836	           90 	
      837	           98 	
      838	           79 	
      839	           85 	
      840	           78 	
      841	           90 	
      842	           80 	
      843	           82 	
      844	           90 	
      845	           93 	
      846	           71 	
      847	           75 	
      848	           82 	
      849	           89 	
      850	           74 	
      851	           85 	
      852	           96 	
      853	           93 	
      854	           75 	
      855	           82 	
      856	           93 	
      857	           99 	
      858	           86 	
      859	           78 	
      860	           72 	
      861	           88 	
      862	           84 	
      863	           79 	
      864	           69 	
      865	           75 	
      866	           98 	
      867	           95 	
      868	           93 	
      869	          100 	
      870	           82 	
      871	           99 	
      872	           78 	
      873	           96 	
      874	           97 	
      875	          107 	
      876	           85 	
      877	          100 	
      878	           73 	
      879	           90 	
      880	          108 	
      881	           87 	
      882	           92 	
      883	           85 	
      884	           85 	
      885	           90 	
      886	           80 	
      887	           86 	
      888	           77 	
      889	           78 	
      890	           62 	
      891	           98 	
      892	           81 	
      893	           84 	
      894	           79 	
      895	           99 	
      896	           81 	
      897	           92 	
      898	           91 	
      899	           88 	
      900	           89 	
      901	           83 	
      902	           90 	
      903	           81 	
      904	           83 	
      905	           82 	
      906	           97 	
      907	           92 	
      908	           65 	
      909	           93 	
      910	           88 	
      911	           88 	
      912	           98 	
      913	           92 	
      914	          102 	
      915	           81 	
      916	           82 	
      917	           91 	
      918	           84 	
      919	           86 	
      920	           80 	
      921	           97 	
      922	           73 	
      923	           78 	
      924	           82 	
      925	           92 	
      926	           89 	
      927	           85 	
      928	           85 	
      929	           95 	
      930	           78 	
      931	          105 	
      932	           79 	
      933	           75 	
      934	          100 	
      935	           92 	
      936	           92 	
      937	           86 	
      938	           70 	
      939	           79 	
      940	           93 	
      941	           87 	
      942	          106 	
      943	           77 	
      944	           86 	
      945	          103 	
      946	           85 	
      947	           86 	
      948	           82 	
      949	           77 	
      950	           78 	
      951	           83 	
      952	           81 	
      953	           80 	
      954	           81 	
      955	           75 	
      956	           70 	
      957	           58 	
      958	           93 	
      959	           92 	
      960	           97 	
      961	           86 	
      962	           93 	
      963	          111 	
      964	           92 	
      965	           84 	
      966	           73 	
      967	           79 	
      968	           87 	
      969	           84 	
      970	           76 	
      971	           94 	
      972	           97 	
      973	           78 	
      974	           92 	
      975	           98 	
      976	          110 	
      977	           85 	
      978	           95 	
      979	           80 	
      980	           94 	
      981	           88 	
      982	           86 	
      983	           90 	
      984	          103 	
      985	           86 	
      986	           87 	
      987	           70 	
      988	           85 	
      989	           81 	
      990	           81 	
      991	           84 	
      992	           85 	
      993	           80 	
      994	           95 	
      995	           85 	
      996	           91 	
      997	           78 	
      998	           93 	
      999	           77 	
     1000	           87 	
     1001	           87 	
     1002	           65 	
     1003	           90 	
     1004	          100 	
     1005	          101 	
     1006	           86 	
     1007	           68 	
     1008	           79 	
     1009	           87 	
     1010	           80 	
     1011	           93 	
     1012	           89 	
     1013	           73 	
     1014	           94 	
     1015	           81 	
     1016	          111 	
     1017	           86 	
     1018	           77 	
     1019	          103 	
     1020	           85 	
     1021	           91 	
     1022	           87 	
     1023	           86 	
     1024	           92 	
     1025	          106 	
     1026	           80 	
     1027	           74 	
     1028	           78 	
     1029	           77 	
     1030	           92 	
     1031	           82 	
     1032	           81 	
     1033	          109 	
     1034	           72 	
     1035	           91 	
     1036	           90 	
     1037	          102 	
     1038	           89 	
     1039	           91 	
     1040	           91 	
     1041	           79 	
     1042	           95 	
     1043	           91 	
     1044	          104 	
     1045	           91 	
     1046	           89 	
     1047	           98 	
     1048	           72 	
     1049	           90 	
     1050	           70 	
     1051	           84 	
     1052	           79 	
     1053	           96 	
     1054	           85 	
     1055	          101 	
     1056	           78 	
     1057	           81 	
     1058	           76 	
     1059	           78 	
     1060	          109 	
     1061	           84 	
     1062	           92 	
     1063	           89 	
     1064	           81 	
     1065	           89 	
     1066	           99 	
     1067	           92 	
     1068	           97 	
     1069	           75 	
     1070	           78 	
     1071	          100 	
     1072	           98 	
     1073	           87 	
     1074	           94 	
     1075	           85 	
     1076	           69 	
     1077	           88 	
     1078	           82 	
     1079	           82 	
     1080	           74 	
     1081	           83 	
     1082	           89 	
     1083	           71 	
     1084	           94 	
     1085	           77 	
     1086	           85 	
     1087	           81 	
     1088	          101 	
     1089	           91 	
     1090	           94 	
     1091	           68 	
     1092	           76 	
     1093	           90 	
     1094	           81 	
     1095	           97 	
     1096	           86 	
     1097	           92 	
     1098	           91 	
     1099	           99 	
     1100	           87 	
     1101	           90 	
     1102	           92 	
     1103	           93 	
     1104	           83 	
     1105	           90 	
     1106	           92 	
     1107	           77 	
     1108	          103 	
     1109	           81 	
     1110	           81 	
     1111	           77 	
     1112	           81 	
     1113	           85 	
     1114	           88 	
     1115	           84 	
     1116	           89 	
     1117	           80 	
     1118	           91 	
     1119	           82 	
     1120	           85 	
     1121	           85 	
     1122	           80 	
     1123	           81 	
     1124	           89 	
     1125	           97 	
     1126	           81 	
     1127	           82 	
     1128	           93 	
     1129	           84 	
     1130	           94 	
     1131	           93 	
     1132	           73 	
     1133	           81 	
     1134	           81 	
     1135	           96 	
     1136	           85 	
     1137	           84 	
     1138	           90 	
     1139	           81 	
     1140	           86 	
     1141	           88 	
     1142	           86 	
     1143	           95 	
     1144	           80 	
     1145	           94 	
     1146	           87 	
     1147	           86 	
     1148	          102 	
     1149	           96 	
     1150	           88 	
     1151	           97 	
     1152	          101 	
     1153	           96 	
     1154	           99 	
     1155	           94 	
     1156	           86 	
     1157	           92 	
     1158	           71 	
     1159	           99 	
     1160	           90 	
     1161	           76 	
     1162	           79 	
     1163	           94 	
     1164	           97 	
     1165	           93 	
     1166	           96 	
     1167	           80 	
     1168	           86 	
     1169	          115 	
     1170	           81 	
     1171	           77 	
     1172	          101 	
     1173	           78 	
     1174	          103 	
     1175	           92 	
     1176	           95 	
     1177	           90 	
     1178	           95 	
     1179	           89 	
     1180	           98 	
     1181	           73 	
     1182	           91 	
     1183	           98 	
     1184	           89 	
     1185	           83 	
     1186	          113 	
     1187	          100 	
     1188	           82 	
     1189	           83 	
     1190	           82 	
     1191	           66 	
     1192	           87 	
     1193	           86 	
     1194	          104 	
     1195	           95 	
     1196	          100 	
     1197	           81 	
     1198	           93 	
     1199	           95 	
     1200	           96 	
     1201	           90 	
     1202	           96 	
     1203	           96 	
     1204	           91 	
     1205	           84 	
     1206	           76 	
     1207	           87 	
     1208	           84 	
     1209	           87 	
     1210	           82 	
     1211	           88 	
     1212	           85 	
     1213	           88 	
     1214	           93 	
     1215	           83 	
     1216	           92 	
     1217	           87 	
     1218	           71 	
     1219	           79 	
     1220	           99 	
     1221	           74 	
     1222	           87 	
     1223	           99 	
     1224	           80 	
     1225	           74 	
     1226	           88 	
     1227	           93 	
     1228	           87 	
     1229	           83 	
     1230	           83 	
     1231	           89 	
     1232	           83 	
     1233	           80 	
     1234	           79 	
     1235	           88 	
     1236	           82 	
     1237	           94 	
     1238	           90 	
     1239	           87 	
     1240	           85 	
     1241	           79 	
     1242	           86 	
     1243	           87 	
     1244	           75 	
     1245	           75 	
     1246	           89 	
     1247	           89 	
     1248	           92 	
     1249	           80 	
     1250	           80 	
     1251	           82 	
     1252	           70 	
     1253	           91 	
     1254	           72 	
     1255	           92 	
     1256	           81 	
     1257	          102 	
     1258	           87 	
     1259	           88 	
     1260	           85 	
     1261	           98 	
     1262	           75 	
     1263	          103 	
     1264	           89 	
     1265	          101 	
     1266	           93 	
     1267	           82 	
     1268	           92 	
     1269	           95 	
     1270	           74 	
     1271	           85 	
     1272	           84 	
     1273	           76 	
     1274	          106 	
     1275	           77 	
     1276	           89 	
     1277	           97 	
     1278	           82 	
     1279	           88 	
     1280	           90 	
     1281	           69 	
     1282	           89 	
     1283	           86 	
     1284	           82 	
     1285	           91 	
     1286	           84 	
     1287	           79 	
     1288	           80 	
     1289	           58 	
     1290	           78 	
     1291	           90 	
     1292	           84 	
     1293	           75 	
     1294	           92 	
     1295	          101 	
     1296	           87 	
     1297	           83 	
     1298	           85 	
     1299	           94 	
     1300	           92 	
     1301	           85 	
     1302	           67 	
     1303	           86 	
     1304	           91 	
     1305	           76 	
     1306	          103 	
     1307	          101 	
     1308	           93 	
     1309	           93 	
     1310	           97 	
     1311	           79 	
     1312	           89 	
     1313	           99 	
     1314	           82 	
     1315	          109 	
     1316	           94 	
     1317	           97 	
     1318	           79 	
     1319	           84 	
     1320	           97 	
     1321	           97 	
     1322	          101 	
     1323	           86 	
     1324	           82 	
     1325	           78 	
     1326	           81 	
     1327	           88 	
     1328	           82 	
     1329	           85 	
     1330	           83 	
     1331	           98 	
     1332	           86 	
     1333	          103 	
     1334	           97 	
     1335	          102 	
     1336	           94 	
     1337	           66 	
     1338	           90 	
     1339	           83 	
     1340	           86 	
     1341	           73 	
     1342	           80 	
     1343	           89 	
     1344	           98 	
     1345	           93 	
     1346	           79 	
     1347	           72 	
     1348	           71 	
     1349	           77 	
     1350	           90 	
     1351	           84 	
     1352	           69 	
     1353	           93 	
     1354	           79 	
     1355	           97 	
     1356	           94 	
     1357	           77 	
     1358	           78 	
     1359	           90 	
     1360	           75 	
     1361	           80 	
     1362	           78 	
     1363	           78 	
     1364	           86 	
     1365	           86 	
     1366	           85 	
     1367	           69 	
     1368	           93 	
     1369	          115 	
     1370	           83 	
     1371	           97 	
     1372	           84 	
     1373	           85 	
     1374	           85 	
     1375	           88 	
     1376	           69 	
     1377	           90 	
     1378	           95 	
     1379	           70 	
     1380	           73 	
     1381	           76 	
     1382	          100 	
     1383	           92 	
     1384	           75 	
     1385	           82 	
     1386	           65 	
     1387	           94 	
     1388	           78 	
     1389	           79 	
     1390	          100 	
     1391	           88 	
     1392	           99 	
     1393	           79 	
     1394	           95 	
     1395	           81 	
     1396	           87 	
     1397	           87 	
     1398	           94 	
     1399	           87 	
     1400	           87 	
     1401	           86 	
     1402	           94 	
     1403	           84 	
     1404	           83 	
     1405	           90 	
     1406	           83 	
     1407	           88 	
     1408	           95 	
     1409	           81 	
     1410	           83 	
     1411	           75 	
     1412	           90 	
     1413	           74 	
     1414	           78 	
     1415	           74 	
     1416	           90 	
     1417	           91 	
     1418	          104 	
     1419	           96 	
     1420	           80 	
     1421	           81 	
     1422	          110 	
     1423	          106 	
     1424	           88 	
     1425	           97 	
     1426	           92 	
     1427	           92 	
     1428	           77 	
     1429	           82 	
     1430	           83 	
     1431	           95 	
     1432	           93 	
     1433	           92 	
     1434	           82 	
     1435	          103 	
     1436	           89 	
     1437	          106 	
     1438	           97 	
     1439	           89 	
     1440	           87 	
     1441	           82 	
     1442	           78 	
     1443	           90 	
     1444	           92 	
     1445	           84 	
     1446	           93 	
     1447	           90 	
     1448	           91 	
     1449	           84 	
     1450	           88 	
     1451	           83 	
     1452	           93 	
     1453	           88 	
     1454	           84 	
     1455	           87 	
     1456	          103 	
     1457	           80 	
     1458	           88 	
     1459	           96 	
     1460	           79 	
     1461	           82 	
     1462	           67 	
     1463	           68 	
     1464	           77 	
     1465	           87 	
     1466	           77 	
     1467	           95 	
     1468	           80 	
     1469	           82 	
     1470	           79 	
     1471	           85 	
     1472	           91 	
     1473	           93 	
     1474	           83 	
     1475	           94 	
     1476	          102 	
     1477	           75 	
     1478	           75 	
     1479	           94 	
     1480	           85 	
     1481	           83 	
     1482	           80 	
     1483	           79 	
     1484	           82 	
     1485	           85 	
     1486	           72 	
     1487	           95 	
     1488	           96 	
     1489	           69 	
     1490	           84 	
     1491	           90 	
     1492	           71 	
     1493	           88 	
     1494	           81 	
     1495	           83 	
     1496	           82 	
     1497	           77 	
     1498	           64 	
     1499	           95 	
     1500	           92 	
     1501	          105 	
     1502	           94 	
     1503	           92 	
     1504	           88 	
     1505	           75 	
     1506	           82 	
     1507	           93 	
     1508	           75 	
     1509	           98 	
     1510	           77 	
     1511	           74 	
     1512	           77 	
     1513	           93 	
     1514	           94 	
     1515	           80 	
     1516	           92 	
     1517	           88 	
     1518	           68 	
     1519	           75 	
     1520	           97 	
     1521	           82 	
     1522	           73 	
     1523	           97 	
     1524	           92 	
     1525	           83 	
     1526	          106 	
     1527	           82 	
     1528	           90 	
     1529	          104 	
     1530	           91 	
     1531	           83 	
     1532	           79 	
     1533	           92 	
     1534	           89 	
     1535	           94 	
     1536	           87 	
     1537	           97 	
     1538	           88 	
     1539	           93 	
     1540	           98 	
     1541	           88 	
     1542	           68 	
     1543	           83 	
     1544	           90 	
     1545	           96 	
     1546	           92 	
     1547	           76 	
     1548	           99 	
     1549	           85 	
     1550	           91 	
     1551	           86 	
     1552	           94 	
     1553	           80 	
     1554	           78 	
     1555	           92 	
     1556	           74 	
     1557	           82 	
     1558	           77 	
     1559	           99 	
     1560	           90 	
     1561	           89 	
     1562	           82 	
     1563	           81 	
     1564	           87 	
     1565	          105 	
     1566	           74 	
     1567	           99 	
     1568	           91 	
     1569	           88 	
     1570	           97 	
     1571	           97 	
     1572	           84 	
     1573	           85 	
     1574	           88 	
     1575	           91 	
     1576	           82 	
     1577	           86 	
     1578	           83 	
     1579	           78 	
     1580	           72 	
     1581	           77 	
     1582	           83 	
     1583	           91 	
     1584	           72 	
     1585	           72 	
     1586	           83 	
     1587	           87 	
     1588	           77 	
     1589	           67 	
     1590	           83 	
     1591	           88 	
     1592	           84 	
     1593	           85 	
     1594	           87 	
     1595	           83 	
     1596	           84 	
     1597	           75 	
     1598	           85 	
     1599	           81 	
     1600	           81 	
     1601	           76 	
     1602	           78 	
     1603	           79 	
     1604	          105 	
     1605	           76 	
     1606	           89 	
     1607	           88 	
     1608	           92 	
     1609	           85 	
     1610	           80 	
     1611	          105 	
     1612	           88 	
     1613	           85 	
     1614	           92 	
     1615	           59 	
     1616	          100 	
     1617	           66 	
     1618	           92 	
     1619	          103 	
     1620	          101 	
     1621	           85 	
     1622	           97 	
     1623	          100 	
     1624	           86 	
     1625	           95 	
     1626	           80 	
     1627	           88 	
     1628	           74 	
     1629	           82 	
     1630	           93 	
     1631	           83 	
     1632	           89 	
     1633	           79 	
     1634	           93 	
     1635	           88 	
     1636	          100 	
     1637	           89 	
     1638	           87 	
     1639	          104 	
     1640	           83 	
     1641	           76 	
     1642	           83 	
     1643	           87 	
     1644	           83 	
     1645	          115 	
     1646	           75 	
     1647	           86 	
     1648	           92 	
     1649	           86 	
     1650	           97 	
     1651	           85 	
     1652	           91 	
     1653	           72 	
     1654	           67 	
     1655	           81 	
     1656	           91 	
     1657	           84 	
     1658	           68 	
     1659	           89 	
     1660	          103 	
     1661	           90 	
     1662	          104 	
     1663	           82 	
     1664	           98 	
     1665	           76 	
     1666	           74 	
     1667	           74 	
     1668	           87 	
     1669	           87 	
     1670	           96 	
     1671	           93 	
     1672	           68 	
     1673	           90 	
     1674	           89 	
     1675	           79 	
     1676	           89 	
     1677	           99 	
     1678	           93 	
     1679	           75 	
     1680	          107 	
     1681	           97 	
     1682	           81 	
     1683	           89 	
     1684	           86 	
     1685	           81 	
     1686	           88 	
     1687	           93 	
     1688	           84 	
     1689	          108 	
     1690	           83 	
     1691	           90 	
     1692	           89 	
     1693	           95 	
     1694	           86 	
     1695	           86 	
     1696	           83 	
     1697	           76 	
     1698	           81 	
     1699	           71 	
     1700	           83 	
     1701	           88 	
     1702	          109 	
     1703	           67 	
     1704	           78 	
     1705	           80 	
     1706	           72 	
     1707	           84 	
     1708	           68 	
     1709	           80 	
     1710	           91 	
     1711	           83 	
     1712	           92 	
     1713	           89 	
     1714	           83 	
     1715	           90 	
     1716	           86 	
     1717	           85 	
     1718	           91 	
     1719	           81 	
     1720	          102 	
     1721	           86 	
     1722	           75 	
     1723	          105 	
     1724	          106 	
     1725	           85 	
     1726	           70 	
     1727	           78 	
     1728	           88 	
     1729	           91 	
     1730	           73 	
     1731	          100 	
     1732	           96 	
     1733	          101 	
     1734	          112 	
     1735	           80 	
     1736	           75 	
     1737	           82 	
     1738	           91 	
     1739	           97 	
     1740	           78 	
     1741	           95 	
     1742	           79 	
     1743	          101 	
     1744	           86 	
     1745	           91 	
     1746	           83 	
     1747	           68 	
     1748	           99 	
     1749	           85 	
     1750	           99 	
     1751	           71 	
     1752	           86 	
     1753	           91 	
     1754	           84 	
     1755	           98 	
     1756	           79 	
     1757	           86 	
     1758	           88 	
     1759	           96 	
     1760	          100 	
     1761	           89 	
     1762	           88 	
     1763	          103 	
     1764	           78 	
     1765	           99 	
     1766	           80 	
     1767	           96 	
     1768	           86 	
     1769	           73 	
     1770	           82 	
     1771	           88 	
     1772	           85 	
     1773	          108 	
     1774	           88 	
     1775	           91 	
     1776	           81 	
     1777	          103 	
     1778	           84 	
     1779	          103 	
     1780	           93 	
     1781	           88 	
     1782	           83 	
     1783	           77 	
     1784	          100 	
     1785	           84 	
     1786	           70 	
     1787	           87 	
     1788	          102 	
     1789	           97 	
     1790	           90 	
     1791	           95 	
     1792	           92 	
     1793	           96 	
     1794	          105 	
     1795	           85 	
     1796	           79 	
     1797	           88 	
     1798	           94 	
     1799	           77 	
     1800	           87 	
     1801	           94 	
     1802	           91 	
     1803	           76 	
     1804	           97 	
     1805	           81 	
     1806	           81 	
     1807	          100 	
     1808	           87 	
     1809	           85 	
     1810	           86 	
     1811	           91 	
     1812	           84 	
     1813	           94 	
     1814	           96 	
     1815	           94 	
     1816	           58 	
     1817	           73 	
     1818	           94 	
     1819	           75 	
     1820	           86 	
     1821	          100 	
     1822	           75 	
     1823	           78 	
     1824	           89 	
     1825	           87 	
     1826	           79 	
     1827	           71 	
     1828	           87 	
     1829	           96 	
     1830	           84 	
     1831	          101 	
     1832	           94 	
     1833	           79 	
     1834	           83 	
     1835	           84 	
     1836	           88 	
     1837	           92 	
     1838	           90 	
     1839	          102 	
     1840	           81 	
     1841	           77 	
     1842	           87 	
     1843	           84 	
     1844	           80 	
     1845	           84 	
     1846	           99 	
     1847	           77 	
     1848	           92 	
     1849	           93 	
     1850	          101 	
     1851	           88 	
     1852	           77 	
     1853	           95 	
     1854	           74 	
     1855	           81 	
     1856	           90 	
     1857	           90 	
     1858	           85 	
     1859	           81 	
     1860	           81 	
     1861	           92 	
     1862	           82 	
     1863	           92 	
     1864	           85 	
     1865	           76 	
     1866	           93 	
     1867	           68 	
     1868	           84 	
     1869	           89 	
     1870	           80 	
     1871	           86 	
     1872	          105 	
     1873	           85 	
     1874	           87 	
     1875	          103 	
     1876	           99 	
     1877	           89 	
     1878	           90 	
     1879	           91 	
     1880	           89 	
     1881	           93 	
     1882	           85 	
     1883	           95 	
     1884	          102 	
     1885	           82 	
     1886	           98 	
     1887	          110 	
     1888	          127 	
     1889	          103 	
     1890	           89 	
     1891	           90 	
     1892	           92 	
     1893	           85 	
     1894	           99 	
     1895	           80 	
     1896	           69 	
     1897	           78 	
     1898	           82 	
     1899	           82 	
     1900	           78 	
     1901	           89 	
     1902	          112 	
     1903	           93 	
     1904	           80 	
     1905	           85 	
     1906	           95 	
     1907	          100 	
     1908	           80 	
     1909	           84 	
     1910	           84 	
     1911	           84 	
     1912	           97 	
     1913	           87 	
     1914	           94 	
     1915	           83 	
     1916	          100 	
     1917	           77 	
     1918	           88 	
     1919	           74 	
     1920	           87 	
     1921	           98 	
     1922	           79 	
     1923	           84 	
     1924	           80 	
     1925	           75 	
     1926	          105 	
     1927	           99 	
     1928	           99 	
     1929	          101 	
     1930	           91 	
     1931	           91 	
     1932	          100 	
     1933	           70 	
     1934	           70 	
     1935	           70 	
     1936	           84 	
     1937	           91 	
     1938	           92 	
     1939	           96 	
     1940	           80 	
     1941	           79 	
     1942	           93 	
     1943	           82 	
     1944	           92 	
     1945	           75 	
     1946	           97 	
     1947	           89 	
     1948	           87 	
     1949	           94 	
     1950	          100 	
     1951	           79 	
     1952	           76 	
     1953	           87 	
     1954	           88 	
     1955	           96 	
     1956	           74 	
     1957	           77 	
     1958	           77 	
     1959	           93 	
     1960	           93 	
     1961	           67 	
     1962	           76 	
     1963	          103 	
     1964	           93 	
     1965	           90 	
     1966	           93 	
     1967	           95 	
     1968	           76 	
     1969	           92 	
     1970	           87 	
     1971	           89 	
     1972	           76 	
     1973	           89 	
     1974	          109 	
     1975	          108 	
     1976	           80 	
     1977	           97 	
     1978	           91 	
     1979	          107 	
     1980	          105 	
     1981	           88 	
     1982	           99 	
     1983	          105 	
     1984	           94 	
     1985	           88 	
     1986	           86 	
     1987	           86 	
     1988	           80 	
     1989	           84 	
     1990	           88 	
     1991	          104 	
     1992	           73 	
     1993	           91 	
     1994	           99 	
     1995	           85 	
     1996	           82 	
     1997	           74 	
     1998	          100 	
     1999	           98 	
     2000	           90 	
