Thorlabs Single Photon Counter Data Export

Date (YYYY-MM-DD):	2025-09-12
Time (HH:MM:SS):	23:27:10
Device Name:	SPCM50A
Serial Number:	M00296614
GUI Revision:	1.0 Build 23
Driver Revision:	1.1.0
Firmware Revision:	1.0.0

Application settings:
Operating Mode:	Free Running Timed Counter
Bin Length [ms]:	1
Time between Bins [ms]:	0.001
Pulse Blind Time [ns]:	0
Trigger Edge:	non-applicable
Array Measurement:	Yes
Array Measurement Continuously:	No
Bins per Array:	2000
Active APD Gating:	No
Fan Off:	No

Bin Number 	Counts per Bin 	Remarks
        1	           91 	
        2	           86 	
        3	           83 	
        4	           87 	
        5	           83 	
        6	           96 	
        7	           87 	
        8	          109 	
        9	           97 	
       10	           79 	
       11	           78 	
       12	           90 	
       13	           98 	
       14	           75 	
       15	           91 	
       16	           84 	
       17	           83 	
       18	           80 	
       19	           90 	
       20	           77 	
       21	           80 	
       22	           85 	
       23	           89 	
       24	           97 	
       25	           92 	
       26	           99 	
       27	           83 	
       28	           75 	
       29	           90 	
       30	           93 	
       31	           77 	
       32	           76 	
       33	           77 	
       34	          103 	
       35	           89 	
       36	           86 	
       37	           88 	
       38	           91 	
       39	           80 	
       40	           76 	
       41	           67 	
       42	           90 	
       43	           88 	
       44	           81 	
       45	           81 	
       46	           94 	
       47	          109 	
       48	           92 	
       49	           71 	
       50	           72 	
       51	           97 	
       52	           82 	
       53	           92 	
       54	           96 	
       55	           67 	
       56	          105 	
       57	           84 	
       58	           91 	
       59	           99 	
       60	           76 	
       61	           70 	
       62	           97 	
       63	           82 	
       64	           85 	
       65	           83 	
       66	           80 	
       67	           94 	
       68	           93 	
       69	           74 	
       70	           91 	
       71	           90 	
       72	           82 	
       73	          102 	
       74	           83 	
       75	           81 	
       76	           83 	
       77	           76 	
       78	           84 	
       79	           74 	
       80	           68 	
       81	           90 	
       82	           81 	
       83	           79 	
       84	          103 	
       85	           86 	
       86	          106 	
       87	           86 	
       88	           87 	
       89	           73 	
       90	           80 	
       91	           71 	
       92	           89 	
       93	           79 	
       94	           86 	
       95	           90 	
       96	           73 	
       97	          100 	
       98	          104 	
       99	           73 	
      100	           76 	
      101	           70 	
      102	           91 	
      103	           95 	
      104	           92 	
      105	           97 	
      106	          107 	
      107	           90 	
      108	           72 	
      109	           85 	
      110	           88 	
      111	           88 	
      112	           75 	
      113	           86 	
      114	           94 	
      115	           98 	
      116	           88 	
      117	           83 	
      118	           82 	
      119	           71 	
      120	           89 	
      121	          100 	
      122	           79 	
      123	           77 	
      124	           73 	
      125	           87 	
      126	           92 	
      127	           82 	
      128	           73 	
      129	           95 	
      130	           88 	
      131	           74 	
      132	           84 	
      133	           76 	
      134	           76 	
      135	           76 	
      136	           86 	
      137	           98 	
      138	           74 	
      139	           72 	
      140	           88 	
      141	           86 	
      142	           93 	
      143	           87 	
      144	           88 	
      145	          100 	
      146	           78 	
      147	           77 	
      148	           82 	
      149	           78 	
      150	           79 	
      151	          101 	
      152	           84 	
      153	           73 	
      154	           81 	
      155	           86 	
      156	           77 	
      157	           85 	
      158	           75 	
      159	           89 	
      160	           83 	
      161	           84 	
      162	           96 	
      163	          102 	
      164	           90 	
      165	           72 	
      166	           66 	
      167	           93 	
      168	           84 	
      169	           94 	
      170	           91 	
      171	           84 	
      172	           85 	
      173	           76 	
      174	           75 	
      175	           91 	
      176	           89 	
      177	           92 	
      178	           93 	
      179	           81 	
      180	           83 	
      181	           99 	
      182	           85 	
      183	           95 	
      184	           82 	
      185	           97 	
      186	           91 	
      187	           74 	
      188	           98 	
      189	           75 	
      190	           84 	
      191	           68 	
      192	           91 	
      193	           87 	
      194	           98 	
      195	           85 	
      196	           93 	
      197	           86 	
      198	           74 	
      199	          101 	
      200	           75 	
      201	           89 	
      202	           86 	
      203	           85 	
      204	           91 	
      205	           81 	
      206	           98 	
      207	           80 	
      208	          108 	
      209	           84 	
      210	          105 	
      211	           70 	
      212	           90 	
      213	           78 	
      214	           83 	
      215	           95 	
      216	          105 	
      217	           76 	
      218	           89 	
      219	           62 	
      220	           82 	
      221	          102 	
      222	           73 	
      223	           67 	
      224	           89 	
      225	           67 	
      226	           99 	
      227	           92 	
      228	           89 	
      229	           99 	
      230	           87 	
      231	           80 	
      232	           75 	
      233	           76 	
      234	           84 	
      235	           78 	
      236	          104 	
      237	           88 	
      238	           94 	
      239	          105 	
      240	           66 	
      241	           87 	
      242	           85 	
      243	           88 	
      244	           81 	
      245	          102 	
      246	           91 	
      247	           98 	
      248	           93 	
      249	           91 	
      250	           65 	
      251	           96 	
      252	           87 	
      253	           93 	
      254	           78 	
      255	           93 	
      256	           82 	
      257	           91 	
      258	          100 	
      259	           95 	
      260	           74 	
      261	           91 	
      262	           82 	
      263	           92 	
      264	          100 	
      265	           94 	
      266	           71 	
      267	           76 	
      268	           87 	
      269	           77 	
      270	           92 	
      271	           90 	
      272	           97 	
      273	           84 	
      274	           97 	
      275	           87 	
      276	          103 	
      277	           86 	
      278	           86 	
      279	           89 	
      280	           91 	
      281	           95 	
      282	           83 	
      283	           83 	
      284	           81 	
      285	           79 	
      286	           84 	
      287	           93 	
      288	           74 	
      289	           87 	
      290	           79 	
      291	           80 	
      292	           93 	
      293	           77 	
      294	           82 	
      295	           80 	
      296	           97 	
      297	           79 	
      298	           98 	
      299	           83 	
      300	           81 	
      301	           90 	
      302	           78 	
      303	           93 	
      304	          100 	
      305	           94 	
      306	          100 	
      307	           73 	
      308	           75 	
      309	           92 	
      310	           76 	
      311	          105 	
      312	           94 	
      313	           69 	
      314	           71 	
      315	          103 	
      316	          106 	
      317	           69 	
      318	           94 	
      319	           82 	
      320	           94 	
      321	           81 	
      322	           84 	
      323	           98 	
      324	           78 	
      325	           93 	
      326	           86 	
      327	           82 	
      328	           81 	
      329	           68 	
      330	           90 	
      331	           83 	
      332	          104 	
      333	           93 	
      334	           82 	
      335	           86 	
      336	           85 	
      337	           76 	
      338	           83 	
      339	           73 	
      340	           87 	
      341	           88 	
      342	           80 	
      343	           86 	
      344	           88 	
      345	          100 	
      346	           88 	
      347	           91 	
      348	           62 	
      349	           89 	
      350	           69 	
      351	           77 	
      352	           57 	
      353	           78 	
      354	           88 	
      355	           90 	
      356	          102 	
      357	           89 	
      358	           73 	
      359	           76 	
      360	           94 	
      361	           85 	
      362	           84 	
      363	           76 	
      364	           80 	
      365	           89 	
      366	           81 	
      367	           90 	
      368	           74 	
      369	           93 	
      370	           84 	
      371	           82 	
      372	           71 	
      373	           81 	
      374	           83 	
      375	           89 	
      376	           90 	
      377	           87 	
      378	           80 	
      379	           75 	
      380	           87 	
      381	           78 	
      382	           79 	
      383	          106 	
      384	           91 	
      385	           86 	
      386	           85 	
      387	           87 	
      388	           96 	
      389	           72 	
      390	          101 	
      391	           81 	
      392	           79 	
      393	           78 	
      394	           83 	
      395	           91 	
      396	           85 	
      397	           85 	
      398	           86 	
      399	           86 	
      400	           77 	
      401	           97 	
      402	           90 	
      403	           69 	
      404	           62 	
      405	           82 	
      406	           84 	
      407	           78 	
      408	           91 	
      409	          100 	
      410	           98 	
      411	           63 	
      412	           85 	
      413	           88 	
      414	           83 	
      415	           75 	
      416	           83 	
      417	           84 	
      418	           95 	
      419	           95 	
      420	          104 	
      421	           89 	
      422	           90 	
      423	           87 	
      424	           86 	
      425	           92 	
      426	           87 	
      427	           66 	
      428	           79 	
      429	           88 	
      430	          102 	
      431	          111 	
      432	           73 	
      433	           77 	
      434	           89 	
      435	           89 	
      436	           84 	
      437	           80 	
      438	           91 	
      439	           83 	
      440	           67 	
      441	           77 	
      442	           77 	
      443	           82 	
      444	           82 	
      445	           91 	
      446	           87 	
      447	           88 	
      448	           89 	
      449	           73 	
      450	           85 	
      451	          100 	
      452	           89 	
      453	           86 	
      454	           92 	
      455	           81 	
      456	           82 	
      457	           97 	
      458	           84 	
      459	           82 	
      460	           89 	
      461	           90 	
      462	           86 	
      463	           90 	
      464	          100 	
      465	           79 	
      466	           76 	
      467	           73 	
      468	           91 	
      469	          102 	
      470	           71 	
      471	           89 	
      472	           93 	
      473	           85 	
      474	           90 	
      475	           79 	
      476	           80 	
      477	          110 	
      478	           67 	
      479	           89 	
      480	           93 	
      481	           80 	
      482	           81 	
      483	           93 	
      484	           78 	
      485	           88 	
      486	           92 	
      487	           98 	
      488	           85 	
      489	           92 	
      490	           81 	
      491	           86 	
      492	           79 	
      493	           90 	
      494	           88 	
      495	           97 	
      496	           75 	
      497	           83 	
      498	           92 	
      499	           86 	
      500	          101 	
      501	           82 	
      502	           94 	
      503	           81 	
      504	           83 	
      505	           83 	
      506	           81 	
      507	           84 	
      508	           97 	
      509	           88 	
      510	           87 	
      511	           69 	
      512	           84 	
      513	           95 	
      514	           86 	
      515	           97 	
      516	           83 	
      517	           95 	
      518	           67 	
      519	           94 	
      520	           96 	
      521	           76 	
      522	           87 	
      523	           87 	
      524	           87 	
      525	           78 	
      526	          100 	
      527	           86 	
      528	           87 	
      529	          102 	
      530	           98 	
      531	           89 	
      532	           80 	
      533	          105 	
      534	           76 	
      535	           84 	
      536	           91 	
      537	           96 	
      538	           90 	
      539	           89 	
      540	           87 	
      541	           88 	
      542	           81 	
      543	           74 	
      544	           82 	
      545	           79 	
      546	           86 	
      547	           75 	
      548	           84 	
      549	           86 	
      550	          104 	
      551	           78 	
      552	           82 	
      553	           89 	
      554	           77 	
      555	           90 	
      556	           80 	
      557	          106 	
      558	           82 	
      559	           89 	
      560	           71 	
      561	           90 	
      562	           74 	
      563	          102 	
      564	           80 	
      565	           87 	
      566	           92 	
      567	           88 	
      568	           92 	
      569	           79 	
      570	           87 	
      571	           71 	
      572	           85 	
      573	           82 	
      574	           98 	
      575	           72 	
      576	           95 	
      577	           78 	
      578	           84 	
      579	           84 	
      580	           90 	
      581	           86 	
      582	           98 	
      583	           68 	
      584	           93 	
      585	           94 	
      586	           88 	
      587	           76 	
      588	           77 	
      589	           67 	
      590	           99 	
      591	           76 	
      592	           84 	
      593	           93 	
      594	           78 	
      595	           67 	
      596	           87 	
      597	           92 	
      598	           78 	
      599	           95 	
      600	           73 	
      601	          106 	
      602	           87 	
      603	           94 	
      604	           94 	
      605	           86 	
      606	           86 	
      607	           81 	
      608	           77 	
      609	           87 	
      610	           71 	
      611	           74 	
      612	           85 	
      613	           89 	
      614	           73 	
      615	           87 	
      616	          101 	
      617	           95 	
      618	           69 	
      619	           93 	
      620	          102 	
      621	           83 	
      622	           77 	
      623	           82 	
      624	           83 	
      625	           84 	
      626	           73 	
      627	           81 	
      628	          103 	
      629	           96 	
      630	           84 	
      631	           76 	
      632	           92 	
      633	           84 	
      634	           82 	
      635	           95 	
      636	           97 	
      637	           76 	
      638	           75 	
      639	           86 	
      640	           83 	
      641	           92 	
      642	           92 	
      643	           78 	
      644	           91 	
      645	           81 	
      646	          103 	
      647	          100 	
      648	           90 	
      649	           58 	
      650	           84 	
      651	          100 	
      652	           93 	
      653	           92 	
      654	           85 	
      655	           90 	
      656	           82 	
      657	           84 	
      658	           87 	
      659	           78 	
      660	           90 	
      661	           82 	
      662	          108 	
      663	          104 	
      664	           98 	
      665	           85 	
      666	           82 	
      667	           87 	
      668	           80 	
      669	           84 	
      670	           83 	
      671	           87 	
      672	           89 	
      673	           85 	
      674	           97 	
      675	           93 	
      676	           95 	
      677	           91 	
      678	           95 	
      679	           61 	
      680	           74 	
      681	           75 	
      682	           82 	
      683	           87 	
      684	           70 	
      685	           87 	
      686	           88 	
      687	           74 	
      688	           78 	
      689	           93 	
      690	           85 	
      691	           76 	
      692	           84 	
      693	           79 	
      694	           90 	
      695	           85 	
      696	           89 	
      697	           89 	
      698	           79 	
      699	           87 	
      700	           92 	
      701	           89 	
      702	           93 	
      703	           74 	
      704	           84 	
      705	           90 	
      706	           91 	
      707	           86 	
      708	           87 	
      709	           87 	
      710	           78 	
      711	           85 	
      712	           74 	
      713	           83 	
      714	           86 	
      715	           82 	
      716	           74 	
      717	           98 	
      718	           76 	
      719	           68 	
      720	          104 	
      721	           77 	
      722	           72 	
      723	           96 	
      724	           88 	
      725	           75 	
      726	          100 	
      727	           81 	
      728	          102 	
      729	          100 	
      730	           90 	
      731	           83 	
      732	           81 	
      733	           93 	
      734	          106 	
      735	           99 	
      736	           85 	
      737	           82 	
      738	           90 	
      739	           70 	
      740	          110 	
      741	           72 	
      742	           67 	
      743	           73 	
      744	           96 	
      745	           71 	
      746	           94 	
      747	          105 	
      748	           91 	
      749	           89 	
      750	           92 	
      751	           99 	
      752	           86 	
      753	           93 	
      754	           99 	
      755	           80 	
      756	           79 	
      757	           86 	
      758	           93 	
      759	           88 	
      760	          102 	
      761	          108 	
      762	           74 	
      763	           99 	
      764	          102 	
      765	           82 	
      766	           91 	
      767	           96 	
      768	           81 	
      769	           85 	
      770	           77 	
      771	           78 	
      772	           92 	
      773	          100 	
      774	           95 	
      775	           81 	
      776	           86 	
      777	           93 	
      778	           81 	
      779	           71 	
      780	           98 	
      781	           92 	
      782	           83 	
      783	           93 	
      784	          102 	
      785	           70 	
      786	           91 	
      787	           99 	
      788	           90 	
      789	           72 	
      790	          101 	
      791	           80 	
      792	           76 	
      793	           83 	
      794	           96 	
      795	           70 	
      796	           75 	
      797	           85 	
      798	           80 	
      799	          101 	
      800	           90 	
      801	           78 	
      802	           89 	
      803	          115 	
      804	           80 	
      805	           97 	
      806	           97 	
      807	           87 	
      808	           85 	
      809	           85 	
      810	           79 	
      811	           88 	
      812	           85 	
      813	          104 	
      814	           87 	
      815	           87 	
      816	           77 	
      817	           93 	
      818	           88 	
      819	           81 	
      820	           98 	
      821	           88 	
      822	           95 	
      823	          100 	
      824	          104 	
      825	           76 	
      826	           90 	
      827	           89 	
      828	           86 	
      829	           74 	
      830	           90 	
      831	           64 	
      832	           92 	
      833	          102 	
      834	           97 	
      835	           94 	
      836	           89 	
      837	           87 	
      838	           95 	
      839	           74 	
      840	           99 	
      841	          104 	
      842	           94 	
      843	           92 	
      844	           92 	
      845	           87 	
      846	          100 	
      847	           83 	
      848	           92 	
      849	           95 	
      850	           95 	
      851	           85 	
      852	           93 	
      853	          105 	
      854	           85 	
      855	          104 	
      856	           95 	
      857	          105 	
      858	           80 	
      859	           78 	
      860	           92 	
      861	           89 	
      862	           87 	
      863	           99 	
      864	           96 	
      865	           63 	
      866	           91 	
      867	           97 	
      868	           84 	
      869	          100 	
      870	           94 	
      871	          113 	
      872	           92 	
      873	           97 	
      874	           74 	
      875	           75 	
      876	           95 	
      877	           94 	
      878	           81 	
      879	           77 	
      880	          100 	
      881	           98 	
      882	           82 	
      883	           82 	
      884	           88 	
      885	           96 	
      886	           90 	
      887	          104 	
      888	           83 	
      889	           81 	
      890	           81 	
      891	           96 	
      892	          109 	
      893	           74 	
      894	          107 	
      895	          101 	
      896	           89 	
      897	           84 	
      898	           82 	
      899	           86 	
      900	           89 	
      901	           88 	
      902	          101 	
      903	           77 	
      904	           95 	
      905	           88 	
      906	           80 	
      907	           88 	
      908	           98 	
      909	          102 	
      910	           82 	
      911	           79 	
      912	           85 	
      913	           82 	
      914	           69 	
      915	          101 	
      916	           97 	
      917	           79 	
      918	           67 	
      919	           93 	
      920	           76 	
      921	          102 	
      922	          100 	
      923	           88 	
      924	           86 	
      925	           90 	
      926	           90 	
      927	           80 	
      928	           94 	
      929	           96 	
      930	           91 	
      931	           71 	
      932	           86 	
      933	           82 	
      934	           90 	
      935	           92 	
      936	           96 	
      937	           87 	
      938	           76 	
      939	           87 	
      940	           76 	
      941	          103 	
      942	           98 	
      943	           99 	
      944	           94 	
      945	           99 	
      946	           89 	
      947	           79 	
      948	           90 	
      949	           86 	
      950	           87 	
      951	           91 	
      952	           94 	
      953	           72 	
      954	           74 	
      955	           83 	
      956	           99 	
      957	           93 	
      958	           75 	
      959	           75 	
      960	           79 	
      961	           83 	
      962	          106 	
      963	           88 	
      964	          102 	
      965	           79 	
      966	           87 	
      967	           86 	
      968	          105 	
      969	           85 	
      970	          100 	
      971	           83 	
      972	          104 	
      973	           69 	
      974	           86 	
      975	           73 	
      976	           92 	
      977	          101 	
      978	           96 	
      979	           95 	
      980	           85 	
      981	           81 	
      982	           88 	
      983	           89 	
      984	           92 	
      985	           88 	
      986	           79 	
      987	           95 	
      988	           81 	
      989	           85 	
      990	          102 	
      991	          106 	
      992	           92 	
      993	           96 	
      994	           90 	
      995	           87 	
      996	           97 	
      997	          108 	
      998	           78 	
      999	           94 	
     1000	           94 	
     1001	           95 	
     1002	           87 	
     1003	           82 	
     1004	           79 	
     1005	           84 	
     1006	           88 	
     1007	           86 	
     1008	           95 	
     1009	           84 	
     1010	           86 	
     1011	           91 	
     1012	           74 	
     1013	           90 	
     1014	           89 	
     1015	           91 	
     1016	           81 	
     1017	          100 	
     1018	           87 	
     1019	           96 	
     1020	          103 	
     1021	           75 	
     1022	           79 	
     1023	           82 	
     1024	           80 	
     1025	           97 	
     1026	           82 	
     1027	           88 	
     1028	           98 	
     1029	           92 	
     1030	           96 	
     1031	           94 	
     1032	           83 	
     1033	           81 	
     1034	           87 	
     1035	           84 	
     1036	           94 	
     1037	           86 	
     1038	          101 	
     1039	          101 	
     1040	           99 	
     1041	           82 	
     1042	           85 	
     1043	          100 	
     1044	           84 	
     1045	           96 	
     1046	          100 	
     1047	           87 	
     1048	           96 	
     1049	           97 	
     1050	           75 	
     1051	           74 	
     1052	           91 	
     1053	           86 	
     1054	           83 	
     1055	           78 	
     1056	           86 	
     1057	           95 	
     1058	           96 	
     1059	           88 	
     1060	           94 	
     1061	           82 	
     1062	           65 	
     1063	          101 	
     1064	           85 	
     1065	           96 	
     1066	           95 	
     1067	          105 	
     1068	           84 	
     1069	           99 	
     1070	           80 	
     1071	           86 	
     1072	           80 	
     1073	           83 	
     1074	           86 	
     1075	           79 	
     1076	          102 	
     1077	           92 	
     1078	          100 	
     1079	           95 	
     1080	           97 	
     1081	          100 	
     1082	           92 	
     1083	           92 	
     1084	           98 	
     1085	           95 	
     1086	          106 	
     1087	           85 	
     1088	           79 	
     1089	           86 	
     1090	           85 	
     1091	           70 	
     1092	           90 	
     1093	           80 	
     1094	           97 	
     1095	           75 	
     1096	           75 	
     1097	           81 	
     1098	           95 	
     1099	           84 	
     1100	           96 	
     1101	           78 	
     1102	           76 	
     1103	           93 	
     1104	           89 	
     1105	           75 	
     1106	           81 	
     1107	           76 	
     1108	           86 	
     1109	           97 	
     1110	           73 	
     1111	           93 	
     1112	           98 	
     1113	           88 	
     1114	           85 	
     1115	           74 	
     1116	           97 	
     1117	           84 	
     1118	           98 	
     1119	           93 	
     1120	           84 	
     1121	           88 	
     1122	           80 	
     1123	          100 	
     1124	           93 	
     1125	          100 	
     1126	          101 	
     1127	           76 	
     1128	           86 	
     1129	          101 	
     1130	           90 	
     1131	           80 	
     1132	           87 	
     1133	          101 	
     1134	          102 	
     1135	          100 	
     1136	           92 	
     1137	           88 	
     1138	          101 	
     1139	           94 	
     1140	          106 	
     1141	           81 	
     1142	          102 	
     1143	           93 	
     1144	           77 	
     1145	           84 	
     1146	           88 	
     1147	           88 	
     1148	           81 	
     1149	           87 	
     1150	           82 	
     1151	           99 	
     1152	           97 	
     1153	           98 	
     1154	           90 	
     1155	           99 	
     1156	           87 	
     1157	          101 	
     1158	           78 	
     1159	           86 	
     1160	           87 	
     1161	           95 	
     1162	           90 	
     1163	           84 	
     1164	           80 	
     1165	           94 	
     1166	           93 	
     1167	           90 	
     1168	           80 	
     1169	           83 	
     1170	           82 	
     1171	           94 	
     1172	           97 	
     1173	           89 	
     1174	           94 	
     1175	           90 	
     1176	           87 	
     1177	           95 	
     1178	           97 	
     1179	           89 	
     1180	           76 	
     1181	           78 	
     1182	          103 	
     1183	           80 	
     1184	           72 	
     1185	           87 	
     1186	          104 	
     1187	           82 	
     1188	          116 	
     1189	          101 	
     1190	           81 	
     1191	           99 	
     1192	           71 	
     1193	           95 	
     1194	           86 	
     1195	           93 	
     1196	           99 	
     1197	           80 	
     1198	           86 	
     1199	          101 	
     1200	           93 	
     1201	           73 	
     1202	          114 	
     1203	          105 	
     1204	           76 	
     1205	          112 	
     1206	           79 	
     1207	           95 	
     1208	          103 	
     1209	           99 	
     1210	           80 	
     1211	           84 	
     1212	           84 	
     1213	          105 	
     1214	           75 	
     1215	           95 	
     1216	           87 	
     1217	           86 	
     1218	           75 	
     1219	          106 	
     1220	           89 	
     1221	          106 	
     1222	           83 	
     1223	           90 	
     1224	           95 	
     1225	           82 	
     1226	           85 	
     1227	           84 	
     1228	           87 	
     1229	           87 	
     1230	          101 	
     1231	           74 	
     1232	           78 	
     1233	           78 	
     1234	           94 	
     1235	           69 	
     1236	           89 	
     1237	          101 	
     1238	           82 	
     1239	          102 	
     1240	           98 	
     1241	           84 	
     1242	           89 	
     1243	           80 	
     1244	           77 	
     1245	           81 	
     1246	           97 	
     1247	          102 	
     1248	           96 	
     1249	          102 	
     1250	          101 	
     1251	           95 	
     1252	           90 	
     1253	           86 	
     1254	          101 	
     1255	           85 	
     1256	          102 	
     1257	           90 	
     1258	           89 	
     1259	           83 	
     1260	           83 	
     1261	           96 	
     1262	           85 	
     1263	           87 	
     1264	           99 	
     1265	           82 	
     1266	           77 	
     1267	           79 	
     1268	           92 	
     1269	           68 	
     1270	           79 	
     1271	           97 	
     1272	           82 	
     1273	           84 	
     1274	           71 	
     1275	           91 	
     1276	           94 	
     1277	           91 	
     1278	           93 	
     1279	           98 	
     1280	           99 	
     1281	           90 	
     1282	           75 	
     1283	           90 	
     1284	           91 	
     1285	           83 	
     1286	           87 	
     1287	          106 	
     1288	           86 	
     1289	           86 	
     1290	           94 	
     1291	           95 	
     1292	           90 	
     1293	           82 	
     1294	           98 	
     1295	           81 	
     1296	          100 	
     1297	           94 	
     1298	           79 	
     1299	           88 	
     1300	           91 	
     1301	           79 	
     1302	           72 	
     1303	           87 	
     1304	           82 	
     1305	           86 	
     1306	           87 	
     1307	          112 	
     1308	           93 	
     1309	           73 	
     1310	           89 	
     1311	           95 	
     1312	           79 	
     1313	           85 	
     1314	           99 	
     1315	          105 	
     1316	           91 	
     1317	           89 	
     1318	           74 	
     1319	           82 	
     1320	           95 	
     1321	           96 	
     1322	           80 	
     1323	           97 	
     1324	           94 	
     1325	           92 	
     1326	           73 	
     1327	           84 	
     1328	           92 	
     1329	           92 	
     1330	           80 	
     1331	           75 	
     1332	           88 	
     1333	           88 	
     1334	           88 	
     1335	           75 	
     1336	           73 	
     1337	           83 	
     1338	           89 	
     1339	          107 	
     1340	           87 	
     1341	           74 	
     1342	           86 	
     1343	           80 	
     1344	           72 	
     1345	           81 	
     1346	           85 	
     1347	           84 	
     1348	           92 	
     1349	           72 	
     1350	           83 	
     1351	           77 	
     1352	           88 	
     1353	           82 	
     1354	           78 	
     1355	           92 	
     1356	           83 	
     1357	           97 	
     1358	           79 	
     1359	           86 	
     1360	          101 	
     1361	          105 	
     1362	           84 	
     1363	           82 	
     1364	           87 	
     1365	          101 	
     1366	           91 	
     1367	           87 	
     1368	           84 	
     1369	           95 	
     1370	           85 	
     1371	           89 	
     1372	           99 	
     1373	           97 	
     1374	           87 	
     1375	           97 	
     1376	           78 	
     1377	           92 	
     1378	           86 	
     1379	           94 	
     1380	           86 	
     1381	           93 	
     1382	          102 	
     1383	           93 	
     1384	           79 	
     1385	           80 	
     1386	           76 	
     1387	           93 	
     1388	           89 	
     1389	          109 	
     1390	           91 	
     1391	           88 	
     1392	           86 	
     1393	           99 	
     1394	           96 	
     1395	           77 	
     1396	          102 	
     1397	           89 	
     1398	           62 	
     1399	           91 	
     1400	           78 	
     1401	           77 	
     1402	           81 	
     1403	           91 	
     1404	           92 	
     1405	           89 	
     1406	           81 	
     1407	           94 	
     1408	           80 	
     1409	           71 	
     1410	           80 	
     1411	           76 	
     1412	           94 	
     1413	           83 	
     1414	           96 	
     1415	           85 	
     1416	           80 	
     1417	          117 	
     1418	          100 	
     1419	           94 	
     1420	           77 	
     1421	           86 	
     1422	           99 	
     1423	           96 	
     1424	           86 	
     1425	           81 	
     1426	           77 	
     1427	           72 	
     1428	           78 	
     1429	           80 	
     1430	           94 	
     1431	           92 	
     1432	           85 	
     1433	           98 	
     1434	           93 	
     1435	           98 	
     1436	           99 	
     1437	           90 	
     1438	           87 	
     1439	           96 	
     1440	          105 	
     1441	           98 	
     1442	           90 	
     1443	           83 	
     1444	          100 	
     1445	           97 	
     1446	           93 	
     1447	           81 	
     1448	           91 	
     1449	           78 	
     1450	          104 	
     1451	           68 	
     1452	          104 	
     1453	           90 	
     1454	           80 	
     1455	           64 	
     1456	           90 	
     1457	           78 	
     1458	          100 	
     1459	           75 	
     1460	           82 	
     1461	           87 	
     1462	           88 	
     1463	           89 	
     1464	           89 	
     1465	           93 	
     1466	           69 	
     1467	           88 	
     1468	           87 	
     1469	           91 	
     1470	           92 	
     1471	           89 	
     1472	           81 	
     1473	           84 	
     1474	           87 	
     1475	           89 	
     1476	           89 	
     1477	           73 	
     1478	           79 	
     1479	           98 	
     1480	           88 	
     1481	          102 	
     1482	           90 	
     1483	           85 	
     1484	           82 	
     1485	           96 	
     1486	           77 	
     1487	           73 	
     1488	           95 	
     1489	           78 	
     1490	           87 	
     1491	           92 	
     1492	           87 	
     1493	           93 	
     1494	           68 	
     1495	           74 	
     1496	           72 	
     1497	           85 	
     1498	           73 	
     1499	           82 	
     1500	           85 	
     1501	           82 	
     1502	           86 	
     1503	          112 	
     1504	           83 	
     1505	           96 	
     1506	           82 	
     1507	           68 	
     1508	          103 	
     1509	           71 	
     1510	           89 	
     1511	           93 	
     1512	           83 	
     1513	           81 	
     1514	           87 	
     1515	           94 	
     1516	           89 	
     1517	           83 	
     1518	           73 	
     1519	           93 	
     1520	           74 	
     1521	           82 	
     1522	           80 	
     1523	           90 	
     1524	           99 	
     1525	          103 	
     1526	           84 	
     1527	          103 	
     1528	           91 	
     1529	           71 	
     1530	           90 	
     1531	           86 	
     1532	           99 	
     1533	          104 	
     1534	           93 	
     1535	           84 	
     1536	           71 	
     1537	          106 	
     1538	          119 	
     1539	           85 	
     1540	           81 	
     1541	           86 	
     1542	           98 	
     1543	           93 	
     1544	           82 	
     1545	           77 	
     1546	           87 	
     1547	          101 	
     1548	           89 	
     1549	           78 	
     1550	           82 	
     1551	           87 	
     1552	           79 	
     1553	           86 	
     1554	           86 	
     1555	           92 	
     1556	           91 	
     1557	           90 	
     1558	           75 	
     1559	          105 	
     1560	           74 	
     1561	           78 	
     1562	           94 	
     1563	           80 	
     1564	           76 	
     1565	           82 	
     1566	          100 	
     1567	           92 	
     1568	           86 	
     1569	           90 	
     1570	           94 	
     1571	           98 	
     1572	           83 	
     1573	           78 	
     1574	          104 	
     1575	           72 	
     1576	           97 	
     1577	           88 	
     1578	           74 	
     1579	           86 	
     1580	           86 	
     1581	           85 	
     1582	           87 	
     1583	           85 	
     1584	           75 	
     1585	          100 	
     1586	           76 	
     1587	           92 	
     1588	           84 	
     1589	           85 	
     1590	           93 	
     1591	           74 	
     1592	           91 	
     1593	           96 	
     1594	           85 	
     1595	           73 	
     1596	           80 	
     1597	           78 	
     1598	           81 	
     1599	           95 	
     1600	           74 	
     1601	           73 	
     1602	           75 	
     1603	           86 	
     1604	           85 	
     1605	           98 	
     1606	           99 	
     1607	          101 	
     1608	           85 	
     1609	           88 	
     1610	           80 	
     1611	           95 	
     1612	          102 	
     1613	           89 	
     1614	           89 	
     1615	          104 	
     1616	           86 	
     1617	           82 	
     1618	           85 	
     1619	           83 	
     1620	           87 	
     1621	           71 	
     1622	           85 	
     1623	           79 	
     1624	           82 	
     1625	           80 	
     1626	           83 	
     1627	           92 	
     1628	           84 	
     1629	           99 	
     1630	           89 	
     1631	          106 	
     1632	           98 	
     1633	           84 	
     1634	           96 	
     1635	           69 	
     1636	           83 	
     1637	           83 	
     1638	           78 	
     1639	           96 	
     1640	          106 	
     1641	           88 	
     1642	           83 	
     1643	           74 	
     1644	           82 	
     1645	           95 	
     1646	           91 	
     1647	           90 	
     1648	           69 	
     1649	           93 	
     1650	           85 	
     1651	          101 	
     1652	           77 	
     1653	           69 	
     1654	           79 	
     1655	          103 	
     1656	           91 	
     1657	           81 	
     1658	           84 	
     1659	           69 	
     1660	           87 	
     1661	           88 	
     1662	           97 	
     1663	           94 	
     1664	           95 	
     1665	           78 	
     1666	           77 	
     1667	           86 	
     1668	           86 	
     1669	           76 	
     1670	           95 	
     1671	           83 	
     1672	           93 	
     1673	           89 	
     1674	           87 	
     1675	           82 	
     1676	           90 	
     1677	          102 	
     1678	           84 	
     1679	           88 	
     1680	          101 	
     1681	          100 	
     1682	           84 	
     1683	           83 	
     1684	           79 	
     1685	           85 	
     1686	          101 	
     1687	           97 	
     1688	           91 	
     1689	           76 	
     1690	          100 	
     1691	           74 	
     1692	           90 	
     1693	          110 	
     1694	           78 	
     1695	           91 	
     1696	           86 	
     1697	           91 	
     1698	           99 	
     1699	           77 	
     1700	           89 	
     1701	           85 	
     1702	           79 	
     1703	           79 	
     1704	           88 	
     1705	           93 	
     1706	          103 	
     1707	           85 	
     1708	           88 	
     1709	           85 	
     1710	           96 	
     1711	           97 	
     1712	           93 	
     1713	           94 	
     1714	           81 	
     1715	           92 	
     1716	           99 	
     1717	           88 	
     1718	           73 	
     1719	           95 	
     1720	           97 	
     1721	           87 	
     1722	           88 	
     1723	           89 	
     1724	           80 	
     1725	           94 	
     1726	           84 	
     1727	           91 	
     1728	           89 	
     1729	           85 	
     1730	           83 	
     1731	           89 	
     1732	           82 	
     1733	           69 	
     1734	           75 	
     1735	           84 	
     1736	           86 	
     1737	           88 	
     1738	           78 	
     1739	          104 	
     1740	           94 	
     1741	           83 	
     1742	           77 	
     1743	           78 	
     1744	           86 	
     1745	           93 	
     1746	           72 	
     1747	           63 	
     1748	           95 	
     1749	           92 	
     1750	           82 	
     1751	          102 	
     1752	           90 	
     1753	           98 	
     1754	           93 	
     1755	           82 	
     1756	           80 	
     1757	           96 	
     1758	           85 	
     1759	           84 	
     1760	           82 	
     1761	           82 	
     1762	           97 	
     1763	           92 	
     1764	           93 	
     1765	           81 	
     1766	           99 	
     1767	           89 	
     1768	           68 	
     1769	           82 	
     1770	           92 	
     1771	           92 	
     1772	           86 	
     1773	           75 	
     1774	           94 	
     1775	           98 	
     1776	           96 	
     1777	           95 	
     1778	           81 	
     1779	           84 	
     1780	           98 	
     1781	           97 	
     1782	           90 	
     1783	           85 	
     1784	           83 	
     1785	           80 	
     1786	           83 	
     1787	           93 	
     1788	           78 	
     1789	           86 	
     1790	           81 	
     1791	           85 	
     1792	           93 	
     1793	           95 	
     1794	           90 	
     1795	           74 	
     1796	           83 	
     1797	           78 	
     1798	           85 	
     1799	           98 	
     1800	           93 	
     1801	           83 	
     1802	           85 	
     1803	           87 	
     1804	           93 	
     1805	           76 	
     1806	           77 	
     1807	           74 	
     1808	           66 	
     1809	           90 	
     1810	           79 	
     1811	           77 	
     1812	           95 	
     1813	           85 	
     1814	           95 	
     1815	           90 	
     1816	           87 	
     1817	           73 	
     1818	           68 	
     1819	           86 	
     1820	           85 	
     1821	           92 	
     1822	           82 	
     1823	           85 	
     1824	           93 	
     1825	           74 	
     1826	           72 	
     1827	           82 	
     1828	           92 	
     1829	           90 	
     1830	           74 	
     1831	           90 	
     1832	           75 	
     1833	           92 	
     1834	           80 	
     1835	           79 	
     1836	           79 	
     1837	           83 	
     1838	           96 	
     1839	           77 	
     1840	           84 	
     1841	           79 	
     1842	           99 	
     1843	           97 	
     1844	           86 	
     1845	           86 	
     1846	           92 	
     1847	           82 	
     1848	           71 	
     1849	           72 	
     1850	           80 	
     1851	           91 	
     1852	           83 	
     1853	           81 	
     1854	           96 	
     1855	           90 	
     1856	           84 	
     1857	          101 	
     1858	           84 	
     1859	           99 	
     1860	           79 	
     1861	           83 	
     1862	          111 	
     1863	           89 	
     1864	           87 	
     1865	           83 	
     1866	           74 	
     1867	           84 	
     1868	           81 	
     1869	          114 	
     1870	           79 	
     1871	           92 	
     1872	           98 	
     1873	           64 	
     1874	           67 	
     1875	           74 	
     1876	           83 	
     1877	           86 	
     1878	           94 	
     1879	           91 	
     1880	           85 	
     1881	           72 	
     1882	           86 	
     1883	           93 	
     1884	           84 	
     1885	          105 	
     1886	          105 	
     1887	           65 	
     1888	           89 	
     1889	           75 	
     1890	           85 	
     1891	           77 	
     1892	           70 	
     1893	           97 	
     1894	           77 	
     1895	           83 	
     1896	           91 	
     1897	           94 	
     1898	           76 	
     1899	           84 	
     1900	          116 	
     1901	           89 	
     1902	           90 	
     1903	           95 	
     1904	           79 	
     1905	           87 	
     1906	           76 	
     1907	           98 	
     1908	           84 	
     1909	           85 	
     1910	           83 	
     1911	           89 	
     1912	           84 	
     1913	           89 	
     1914	           94 	
     1915	           89 	
     1916	           85 	
     1917	          101 	
     1918	           95 	
     1919	           95 	
     1920	           78 	
     1921	           98 	
     1922	           92 	
     1923	           86 	
     1924	           83 	
     1925	           79 	
     1926	           86 	
     1927	           90 	
     1928	           82 	
     1929	           82 	
     1930	          100 	
     1931	          100 	
     1932	           79 	
     1933	           80 	
     1934	           97 	
     1935	          105 	
     1936	          100 	
     1937	           83 	
     1938	           81 	
     1939	           84 	
     1940	           88 	
     1941	           78 	
     1942	           83 	
     1943	           84 	
     1944	           99 	
     1945	           98 	
     1946	           81 	
     1947	           72 	
     1948	          104 	
     1949	           63 	
     1950	           81 	
     1951	           87 	
     1952	           95 	
     1953	           84 	
     1954	           88 	
     1955	           82 	
     1956	           89 	
     1957	           87 	
     1958	           62 	
     1959	           75 	
     1960	           85 	
     1961	           96 	
     1962	           94 	
     1963	           85 	
     1964	           82 	
     1965	           90 	
     1966	           89 	
     1967	           76 	
     1968	           69 	
     1969	           92 	
     1970	           90 	
     1971	          105 	
     1972	           94 	
     1973	           86 	
     1974	           98 	
     1975	           83 	
     1976	           93 	
     1977	           75 	
     1978	           76 	
     1979	           87 	
     1980	           86 	
     1981	           89 	
     1982	           66 	
     1983	           90 	
     1984	           94 	
     1985	           97 	
     1986	           72 	
     1987	           83 	
     1988	           80 	
     1989	          102 	
     1990	           83 	
     1991	           85 	
     1992	           80 	
     1993	           85 	
     1994	           88 	
     1995	           74 	
     1996	           99 	
     1997	           98 	
     1998	           86 	
     1999	           96 	
     2000	           96 	
