Thorlabs Single Photon Counter Data Export

Date (YYYY-MM-DD):	2025-09-12
Time (HH:MM:SS):	23:34:03
Device Name:	SPCM50A
Serial Number:	M00296614
GUI Revision:	1.0 Build 23
Driver Revision:	1.1.0
Firmware Revision:	1.0.0

Application settings:
Operating Mode:	Free Running Timed Counter
Bin Length [ms]:	1
Time between Bins [ms]:	0.001
Pulse Blind Time [ns]:	0
Trigger Edge:	non-applicable
Array Measurement:	Yes
Array Measurement Continuously:	No
Bins per Array:	2000
Active APD Gating:	No
Fan Off:	No

Bin Number 	Counts per Bin 	Remarks
        1	           13 	
        2	            8 	
        3	           12 	
        4	           28 	
        5	           23 	
        6	           17 	
        7	           18 	
        8	           16 	
        9	           27 	
       10	           18 	
       11	           16 	
       12	           16 	
       13	           19 	
       14	           18 	
       15	           17 	
       16	           17 	
       17	           17 	
       18	           23 	
       19	           16 	
       20	           29 	
       21	           27 	
       22	           20 	
       23	           18 	
       24	           26 	
       25	           20 	
       26	           20 	
       27	           22 	
       28	           30 	
       29	           21 	
       30	           24 	
       31	           15 	
       32	           17 	
       33	           20 	
       34	           13 	
       35	           15 	
       36	           18 	
       37	           20 	
       38	           22 	
       39	           22 	
       40	           23 	
       41	           12 	
       42	           16 	
       43	           14 	
       44	           18 	
       45	           23 	
       46	           18 	
       47	           11 	
       48	           22 	
       49	           18 	
       50	           15 	
       51	           22 	
       52	           19 	
       53	           18 	
       54	           21 	
       55	           14 	
       56	           20 	
       57	           20 	
       58	           19 	
       59	           22 	
       60	           19 	
       61	           17 	
       62	           18 	
       63	           22 	
       64	           17 	
       65	           26 	
       66	           13 	
       67	           18 	
       68	           29 	
       69	           18 	
       70	           16 	
       71	           23 	
       72	           27 	
       73	           16 	
       74	           20 	
       75	           24 	
       76	           15 	
       77	           21 	
       78	           18 	
       79	           19 	
       80	           21 	
       81	           20 	
       82	           21 	
       83	           23 	
       84	           12 	
       85	           14 	
       86	           18 	
       87	           27 	
       88	           17 	
       89	           21 	
       90	           16 	
       91	           22 	
       92	           15 	
       93	           22 	
       94	           23 	
       95	           22 	
       96	           24 	
       97	           28 	
       98	           20 	
       99	           16 	
      100	           23 	
      101	           18 	
      102	           25 	
      103	           15 	
      104	           21 	
      105	           13 	
      106	           14 	
      107	           21 	
      108	           23 	
      109	           24 	
      110	           13 	
      111	           18 	
      112	           22 	
      113	           19 	
      114	           16 	
      115	           23 	
      116	           16 	
      117	           30 	
      118	           19 	
      119	           17 	
      120	           15 	
      121	           19 	
      122	           22 	
      123	           24 	
      124	           18 	
      125	           23 	
      126	           22 	
      127	           25 	
      128	           19 	
      129	           21 	
      130	           12 	
      131	           10 	
      132	           24 	
      133	           16 	
      134	           20 	
      135	           25 	
      136	           17 	
      137	           18 	
      138	           27 	
      139	           11 	
      140	           20 	
      141	           14 	
      142	           16 	
      143	           16 	
      144	           20 	
      145	            9 	
      146	           21 	
      147	           22 	
      148	           12 	
      149	           22 	
      150	           22 	
      151	           23 	
      152	           22 	
      153	           26 	
      154	           19 	
      155	           16 	
      156	           22 	
      157	           23 	
      158	           24 	
      159	           17 	
      160	           19 	
      161	           16 	
      162	           23 	
      163	           16 	
      164	           17 	
      165	            9 	
      166	           17 	
      167	           28 	
      168	           18 	
      169	           16 	
      170	           19 	
      171	           20 	
      172	           20 	
      173	           18 	
      174	           17 	
      175	           14 	
      176	           21 	
      177	           20 	
      178	           18 	
      179	           14 	
      180	           10 	
      181	           25 	
      182	           22 	
      183	           24 	
      184	           20 	
      185	           21 	
      186	           20 	
      187	           16 	
      188	           22 	
      189	           18 	
      190	           27 	
      191	           18 	
      192	           27 	
      193	           17 	
      194	           16 	
      195	           17 	
      196	           22 	
      197	           21 	
      198	           25 	
      199	           16 	
      200	           17 	
      201	           17 	
      202	           22 	
      203	           20 	
      204	           27 	
      205	           15 	
      206	           19 	
      207	           18 	
      208	           19 	
      209	           12 	
      210	           13 	
      211	           15 	
      212	           19 	
      213	           21 	
      214	           25 	
      215	           22 	
      216	           28 	
      217	           15 	
      218	           16 	
      219	           14 	
      220	           16 	
      221	           20 	
      222	           19 	
      223	           16 	
      224	           27 	
      225	           16 	
      226	           15 	
      227	           28 	
      228	           13 	
      229	           24 	
      230	           17 	
      231	           22 	
      232	           16 	
      233	           11 	
      234	           22 	
      235	           17 	
      236	           14 	
      237	           19 	
      238	           22 	
      239	           17 	
      240	           19 	
      241	           32 	
      242	           21 	
      243	           25 	
      244	           14 	
      245	           26 	
      246	           18 	
      247	           20 	
      248	           15 	
      249	           13 	
      250	           16 	
      251	           17 	
      252	           26 	
      253	           15 	
      254	           16 	
      255	           27 	
      256	           20 	
      257	           17 	
      258	           18 	
      259	           21 	
      260	           23 	
      261	           24 	
      262	           17 	
      263	           13 	
      264	           29 	
      265	           28 	
      266	           15 	
      267	           27 	
      268	           16 	
      269	           29 	
      270	           25 	
      271	           24 	
      272	           23 	
      273	           20 	
      274	           17 	
      275	           21 	
      276	           20 	
      277	           21 	
      278	           14 	
      279	           18 	
      280	           19 	
      281	           17 	
      282	           22 	
      283	           22 	
      284	           22 	
      285	           19 	
      286	           14 	
      287	           23 	
      288	           14 	
      289	           20 	
      290	           22 	
      291	           17 	
      292	           20 	
      293	           22 	
      294	           18 	
      295	           15 	
      296	           20 	
      297	           15 	
      298	           18 	
      299	           22 	
      300	           19 	
      301	           17 	
      302	           17 	
      303	           14 	
      304	           20 	
      305	           15 	
      306	           30 	
      307	           14 	
      308	           21 	
      309	           12 	
      310	           15 	
      311	           14 	
      312	           25 	
      313	           18 	
      314	           14 	
      315	           15 	
      316	           23 	
      317	           21 	
      318	           11 	
      319	           17 	
      320	           11 	
      321	           18 	
      322	           24 	
      323	           30 	
      324	           27 	
      325	           18 	
      326	           23 	
      327	           20 	
      328	           22 	
      329	           21 	
      330	           15 	
      331	           20 	
      332	           20 	
      333	           18 	
      334	           17 	
      335	           13 	
      336	           19 	
      337	           15 	
      338	           20 	
      339	           19 	
      340	           16 	
      341	           22 	
      342	           21 	
      343	           16 	
      344	           25 	
      345	           24 	
      346	           29 	
      347	           14 	
      348	           25 	
      349	           18 	
      350	           24 	
      351	           22 	
      352	           19 	
      353	           25 	
      354	           20 	
      355	           16 	
      356	           15 	
      357	           21 	
      358	           23 	
      359	           22 	
      360	           16 	
      361	           15 	
      362	           27 	
      363	           22 	
      364	           18 	
      365	           17 	
      366	           24 	
      367	           19 	
      368	           23 	
      369	           29 	
      370	            8 	
      371	           25 	
      372	           24 	
      373	           13 	
      374	           20 	
      375	           18 	
      376	           16 	
      377	           16 	
      378	           21 	
      379	           18 	
      380	           21 	
      381	           16 	
      382	           13 	
      383	           19 	
      384	           19 	
      385	           17 	
      386	           20 	
      387	           19 	
      388	           18 	
      389	           21 	
      390	           20 	
      391	           18 	
      392	           27 	
      393	           25 	
      394	           23 	
      395	           18 	
      396	           23 	
      397	           18 	
      398	           31 	
      399	           33 	
      400	           23 	
      401	           19 	
      402	           29 	
      403	           22 	
      404	           16 	
      405	           22 	
      406	           20 	
      407	           19 	
      408	           14 	
      409	           16 	
      410	           19 	
      411	           17 	
      412	           24 	
      413	           17 	
      414	           17 	
      415	           24 	
      416	           10 	
      417	           18 	
      418	           15 	
      419	           15 	
      420	           29 	
      421	           18 	
      422	           29 	
      423	           17 	
      424	           18 	
      425	           16 	
      426	           27 	
      427	           14 	
      428	           25 	
      429	           28 	
      430	           17 	
      431	           12 	
      432	           25 	
      433	           26 	
      434	           18 	
      435	           19 	
      436	           16 	
      437	           21 	
      438	           16 	
      439	           26 	
      440	           25 	
      441	           15 	
      442	           20 	
      443	           20 	
      444	           20 	
      445	           24 	
      446	           15 	
      447	           28 	
      448	           19 	
      449	           21 	
      450	           21 	
      451	           15 	
      452	           22 	
      453	           18 	
      454	           25 	
      455	           14 	
      456	           23 	
      457	           15 	
      458	           25 	
      459	           17 	
      460	           16 	
      461	           28 	
      462	           20 	
      463	           17 	
      464	           26 	
      465	           15 	
      466	           16 	
      467	           18 	
      468	           18 	
      469	           21 	
      470	           19 	
      471	           24 	
      472	           18 	
      473	           27 	
      474	           17 	
      475	           22 	
      476	           30 	
      477	           19 	
      478	           18 	
      479	           11 	
      480	           29 	
      481	           18 	
      482	           18 	
      483	           20 	
      484	           17 	
      485	           32 	
      486	           18 	
      487	           27 	
      488	           21 	
      489	           29 	
      490	           18 	
      491	           14 	
      492	           22 	
      493	           21 	
      494	           22 	
      495	           25 	
      496	           13 	
      497	           20 	
      498	           18 	
      499	           15 	
      500	           26 	
      501	           18 	
      502	           23 	
      503	           26 	
      504	           25 	
      505	           22 	
      506	           20 	
      507	           18 	
      508	           23 	
      509	           25 	
      510	           18 	
      511	           29 	
      512	           24 	
      513	           18 	
      514	           17 	
      515	           17 	
      516	           14 	
      517	           17 	
      518	           21 	
      519	           17 	
      520	           19 	
      521	           27 	
      522	           17 	
      523	           19 	
      524	           20 	
      525	           18 	
      526	           15 	
      527	           18 	
      528	           15 	
      529	           25 	
      530	           14 	
      531	           18 	
      532	           19 	
      533	           26 	
      534	           33 	
      535	           20 	
      536	           35 	
      537	           18 	
      538	           21 	
      539	           15 	
      540	           20 	
      541	           24 	
      542	           19 	
      543	           21 	
      544	           27 	
      545	           20 	
      546	           27 	
      547	           18 	
      548	           24 	
      549	           20 	
      550	           25 	
      551	           20 	
      552	           26 	
      553	           16 	
      554	           18 	
      555	           21 	
      556	           32 	
      557	            9 	
      558	           21 	
      559	           21 	
      560	           19 	
      561	           19 	
      562	           16 	
      563	           19 	
      564	           16 	
      565	           24 	
      566	           15 	
      567	           21 	
      568	           16 	
      569	           16 	
      570	           18 	
      571	           24 	
      572	           19 	
      573	           21 	
      574	           15 	
      575	           19 	
      576	           18 	
      577	           19 	
      578	           11 	
      579	           26 	
      580	           16 	
      581	           18 	
      582	           20 	
      583	           17 	
      584	           20 	
      585	           15 	
      586	           16 	
      587	           17 	
      588	           16 	
      589	           22 	
      590	           25 	
      591	           22 	
      592	           16 	
      593	           22 	
      594	           12 	
      595	           19 	
      596	           27 	
      597	           24 	
      598	           22 	
      599	           17 	
      600	            9 	
      601	           21 	
      602	           18 	
      603	           27 	
      604	           21 	
      605	           19 	
      606	           16 	
      607	           22 	
      608	           26 	
      609	           19 	
      610	           21 	
      611	           16 	
      612	           24 	
      613	           23 	
      614	           16 	
      615	           23 	
      616	           22 	
      617	           18 	
      618	           23 	
      619	           19 	
      620	           27 	
      621	           26 	
      622	           13 	
      623	           15 	
      624	           15 	
      625	           20 	
      626	           17 	
      627	           23 	
      628	           14 	
      629	           12 	
      630	           17 	
      631	           19 	
      632	           20 	
      633	           22 	
      634	           23 	
      635	            9 	
      636	           18 	
      637	           14 	
      638	           15 	
      639	           18 	
      640	           25 	
      641	           16 	
      642	           26 	
      643	           22 	
      644	           25 	
      645	           24 	
      646	           20 	
      647	           25 	
      648	           14 	
      649	           17 	
      650	           24 	
      651	           17 	
      652	           27 	
      653	           14 	
      654	           12 	
      655	           23 	
      656	           27 	
      657	           20 	
      658	           20 	
      659	           17 	
      660	           19 	
      661	           28 	
      662	           20 	
      663	           10 	
      664	           21 	
      665	           24 	
      666	           22 	
      667	           13 	
      668	           24 	
      669	           20 	
      670	           21 	
      671	           23 	
      672	           19 	
      673	           26 	
      674	           16 	
      675	           18 	
      676	           17 	
      677	           17 	
      678	           17 	
      679	           18 	
      680	           22 	
      681	           30 	
      682	           23 	
      683	           13 	
      684	           21 	
      685	           12 	
      686	           19 	
      687	           26 	
      688	           18 	
      689	           25 	
      690	           19 	
      691	           18 	
      692	           20 	
      693	           11 	
      694	           16 	
      695	           17 	
      696	           15 	
      697	           15 	
      698	           20 	
      699	           15 	
      700	           21 	
      701	           19 	
      702	           17 	
      703	           13 	
      704	           16 	
      705	           26 	
      706	           20 	
      707	           18 	
      708	           15 	
      709	           23 	
      710	           21 	
      711	           16 	
      712	           21 	
      713	           12 	
      714	           15 	
      715	           25 	
      716	           10 	
      717	           30 	
      718	           20 	
      719	           20 	
      720	           17 	
      721	           24 	
      722	           25 	
      723	           17 	
      724	           20 	
      725	           33 	
      726	           23 	
      727	           21 	
      728	           16 	
      729	           22 	
      730	           17 	
      731	           17 	
      732	           22 	
      733	           21 	
      734	           18 	
      735	           22 	
      736	           22 	
      737	           21 	
      738	           14 	
      739	           27 	
      740	           17 	
      741	           30 	
      742	           28 	
      743	           23 	
      744	           17 	
      745	           20 	
      746	           17 	
      747	           19 	
      748	           22 	
      749	           24 	
      750	           27 	
      751	           17 	
      752	           26 	
      753	           25 	
      754	           14 	
      755	           19 	
      756	           21 	
      757	           21 	
      758	           17 	
      759	           16 	
      760	           18 	
      761	           18 	
      762	           27 	
      763	           21 	
      764	           26 	
      765	           18 	
      766	           15 	
      767	           20 	
      768	           26 	
      769	           19 	
      770	           11 	
      771	           16 	
      772	           20 	
      773	           20 	
      774	           22 	
      775	           20 	
      776	           19 	
      777	           21 	
      778	           20 	
      779	           12 	
      780	           15 	
      781	           20 	
      782	           30 	
      783	           23 	
      784	           26 	
      785	           25 	
      786	           23 	
      787	           17 	
      788	           20 	
      789	           28 	
      790	           17 	
      791	           23 	
      792	           26 	
      793	           12 	
      794	           24 	
      795	           19 	
      796	           11 	
      797	           13 	
      798	           23 	
      799	           23 	
      800	           24 	
      801	           15 	
      802	           25 	
      803	           26 	
      804	           17 	
      805	           25 	
      806	           21 	
      807	           20 	
      808	           20 	
      809	           26 	
      810	           19 	
      811	           12 	
      812	           22 	
      813	           21 	
      814	           19 	
      815	           26 	
      816	           20 	
      817	           28 	
      818	           16 	
      819	           23 	
      820	           15 	
      821	           13 	
      822	           19 	
      823	           22 	
      824	           18 	
      825	           21 	
      826	           23 	
      827	           25 	
      828	           18 	
      829	           18 	
      830	           33 	
      831	           18 	
      832	           15 	
      833	           22 	
      834	           17 	
      835	           18 	
      836	           20 	
      837	           25 	
      838	           23 	
      839	           23 	
      840	           26 	
      841	           20 	
      842	           16 	
      843	           23 	
      844	           15 	
      845	           17 	
      846	           19 	
      847	           20 	
      848	           13 	
      849	           13 	
      850	           14 	
      851	           25 	
      852	           13 	
      853	           22 	
      854	           23 	
      855	           20 	
      856	           20 	
      857	           18 	
      858	           20 	
      859	           15 	
      860	           15 	
      861	           23 	
      862	           24 	
      863	           17 	
      864	           24 	
      865	           25 	
      866	           22 	
      867	           21 	
      868	           24 	
      869	           20 	
      870	           23 	
      871	           20 	
      872	           16 	
      873	           19 	
      874	           21 	
      875	           25 	
      876	           14 	
      877	           12 	
      878	           14 	
      879	           15 	
      880	           12 	
      881	           17 	
      882	           21 	
      883	           24 	
      884	           30 	
      885	           22 	
      886	           26 	
      887	           33 	
      888	           14 	
      889	           13 	
      890	           10 	
      891	           21 	
      892	           23 	
      893	           23 	
      894	           22 	
      895	           23 	
      896	           20 	
      897	           21 	
      898	           21 	
      899	           19 	
      900	           22 	
      901	           20 	
      902	           22 	
      903	           12 	
      904	           20 	
      905	           14 	
      906	           17 	
      907	           19 	
      908	           26 	
      909	           14 	
      910	           22 	
      911	           16 	
      912	           23 	
      913	           19 	
      914	           26 	
      915	           15 	
      916	           18 	
      917	           24 	
      918	           25 	
      919	           21 	
      920	           19 	
      921	           24 	
      922	           15 	
      923	           17 	
      924	           20 	
      925	           17 	
      926	           17 	
      927	           17 	
      928	           16 	
      929	           17 	
      930	           27 	
      931	           26 	
      932	           23 	
      933	           26 	
      934	           20 	
      935	           23 	
      936	           18 	
      937	           18 	
      938	           22 	
      939	           17 	
      940	           21 	
      941	           22 	
      942	           21 	
      943	           14 	
      944	           19 	
      945	           16 	
      946	           12 	
      947	           24 	
      948	           28 	
      949	           23 	
      950	           18 	
      951	           26 	
      952	           16 	
      953	           27 	
      954	           21 	
      955	           20 	
      956	           11 	
      957	           18 	
      958	           20 	
      959	           18 	
      960	           31 	
      961	           20 	
      962	           19 	
      963	           12 	
      964	           22 	
      965	           22 	
      966	           19 	
      967	           18 	
      968	           19 	
      969	           21 	
      970	           19 	
      971	           17 	
      972	           22 	
      973	           24 	
      974	           21 	
      975	           16 	
      976	           32 	
      977	           29 	
      978	           12 	
      979	           20 	
      980	           11 	
      981	           21 	
      982	           18 	
      983	           18 	
      984	           15 	
      985	           19 	
      986	           17 	
      987	           12 	
      988	           18 	
      989	           18 	
      990	           22 	
      991	           17 	
      992	           27 	
      993	           14 	
      994	           20 	
      995	           26 	
      996	           17 	
      997	           23 	
      998	           21 	
      999	           21 	
     1000	           24 	
     1001	           18 	
     1002	           15 	
     1003	           22 	
     1004	           24 	
     1005	           24 	
     1006	           19 	
     1007	           29 	
     1008	           30 	
     1009	           18 	
     1010	           20 	
     1011	           25 	
     1012	           20 	
     1013	           17 	
     1014	           22 	
     1015	           21 	
     1016	           28 	
     1017	           18 	
     1018	           17 	
     1019	           20 	
     1020	           25 	
     1021	           18 	
     1022	           16 	
     1023	           27 	
     1024	           10 	
     1025	           17 	
     1026	           26 	
     1027	           23 	
     1028	           19 	
     1029	           22 	
     1030	           23 	
     1031	           28 	
     1032	           17 	
     1033	           21 	
     1034	           18 	
     1035	           20 	
     1036	           19 	
     1037	           16 	
     1038	           27 	
     1039	           26 	
     1040	           16 	
     1041	           23 	
     1042	           17 	
     1043	           20 	
     1044	           17 	
     1045	           17 	
     1046	           15 	
     1047	           20 	
     1048	           15 	
     1049	           18 	
     1050	           15 	
     1051	           18 	
     1052	           13 	
     1053	           18 	
     1054	           14 	
     1055	           15 	
     1056	           14 	
     1057	           25 	
     1058	           22 	
     1059	           21 	
     1060	           24 	
     1061	           27 	
     1062	           14 	
     1063	           25 	
     1064	           15 	
     1065	           19 	
     1066	           20 	
     1067	           21 	
     1068	           24 	
     1069	           28 	
     1070	           30 	
     1071	           21 	
     1072	           15 	
     1073	           20 	
     1074	           22 	
     1075	           13 	
     1076	           27 	
     1077	           20 	
     1078	           19 	
     1079	           14 	
     1080	           22 	
     1081	           21 	
     1082	           18 	
     1083	           15 	
     1084	           24 	
     1085	           15 	
     1086	           23 	
     1087	           25 	
     1088	           21 	
     1089	           29 	
     1090	           20 	
     1091	           22 	
     1092	           18 	
     1093	           19 	
     1094	           25 	
     1095	           21 	
     1096	           24 	
     1097	           11 	
     1098	           19 	
     1099	           20 	
     1100	           21 	
     1101	           16 	
     1102	           26 	
     1103	           13 	
     1104	           22 	
     1105	           14 	
     1106	           14 	
     1107	           20 	
     1108	           22 	
     1109	           19 	
     1110	           20 	
     1111	           19 	
     1112	           22 	
     1113	           23 	
     1114	           21 	
     1115	           25 	
     1116	           18 	
     1117	           37 	
     1118	           14 	
     1119	           24 	
     1120	           21 	
     1121	           27 	
     1122	           22 	
     1123	           18 	
     1124	           17 	
     1125	           19 	
     1126	           24 	
     1127	           14 	
     1128	           20 	
     1129	           26 	
     1130	           17 	
     1131	           19 	
     1132	           25 	
     1133	           19 	
     1134	           25 	
     1135	           20 	
     1136	           20 	
     1137	            9 	
     1138	           25 	
     1139	           18 	
     1140	           21 	
     1141	           23 	
     1142	           23 	
     1143	           15 	
     1144	           16 	
     1145	           25 	
     1146	           20 	
     1147	           13 	
     1148	           22 	
     1149	           21 	
     1150	           12 	
     1151	           19 	
     1152	           19 	
     1153	           14 	
     1154	           15 	
     1155	           18 	
     1156	           29 	
     1157	           18 	
     1158	           27 	
     1159	           30 	
     1160	           20 	
     1161	           21 	
     1162	           23 	
     1163	           29 	
     1164	           18 	
     1165	           28 	
     1166	           20 	
     1167	           22 	
     1168	           22 	
     1169	           20 	
     1170	           19 	
     1171	           11 	
     1172	           18 	
     1173	           23 	
     1174	           21 	
     1175	           16 	
     1176	           23 	
     1177	           17 	
     1178	           17 	
     1179	           17 	
     1180	           25 	
     1181	           20 	
     1182	           20 	
     1183	           17 	
     1184	           22 	
     1185	           29 	
     1186	           19 	
     1187	           24 	
     1188	           14 	
     1189	           20 	
     1190	           25 	
     1191	           25 	
     1192	           27 	
     1193	           21 	
     1194	           19 	
     1195	           23 	
     1196	           18 	
     1197	           18 	
     1198	           17 	
     1199	           19 	
     1200	           20 	
     1201	           15 	
     1202	           12 	
     1203	           13 	
     1204	           26 	
     1205	            9 	
     1206	           20 	
     1207	           20 	
     1208	           26 	
     1209	           19 	
     1210	           19 	
     1211	           29 	
     1212	           20 	
     1213	           20 	
     1214	           19 	
     1215	           22 	
     1216	           19 	
     1217	           19 	
     1218	           22 	
     1219	           15 	
     1220	           19 	
     1221	           16 	
     1222	           21 	
     1223	           23 	
     1224	           12 	
     1225	           22 	
     1226	           20 	
     1227	           23 	
     1228	           21 	
     1229	           13 	
     1230	           21 	
     1231	           24 	
     1232	           19 	
     1233	           21 	
     1234	           15 	
     1235	           16 	
     1236	           23 	
     1237	           18 	
     1238	           22 	
     1239	           20 	
     1240	           13 	
     1241	           18 	
     1242	           15 	
     1243	           11 	
     1244	           22 	
     1245	           18 	
     1246	           18 	
     1247	           25 	
     1248	           19 	
     1249	           20 	
     1250	           23 	
     1251	           31 	
     1252	           21 	
     1253	           21 	
     1254	           23 	
     1255	           17 	
     1256	           17 	
     1257	           20 	
     1258	           16 	
     1259	           24 	
     1260	           15 	
     1261	           30 	
     1262	           35 	
     1263	           19 	
     1264	           21 	
     1265	           21 	
     1266	           20 	
     1267	           31 	
     1268	           21 	
     1269	           16 	
     1270	           25 	
     1271	           26 	
     1272	           16 	
     1273	           16 	
     1274	           23 	
     1275	           16 	
     1276	           13 	
     1277	           19 	
     1278	           18 	
     1279	           30 	
     1280	           21 	
     1281	           24 	
     1282	           12 	
     1283	           22 	
     1284	           22 	
     1285	           23 	
     1286	           23 	
     1287	           26 	
     1288	           18 	
     1289	           19 	
     1290	           24 	
     1291	           28 	
     1292	           21 	
     1293	           11 	
     1294	           21 	
     1295	           24 	
     1296	           16 	
     1297	           20 	
     1298	           16 	
     1299	           18 	
     1300	           21 	
     1301	           23 	
     1302	           23 	
     1303	           14 	
     1304	           22 	
     1305	           12 	
     1306	           15 	
     1307	           22 	
     1308	           23 	
     1309	           24 	
     1310	           20 	
     1311	           17 	
     1312	           28 	
     1313	           22 	
     1314	           22 	
     1315	           20 	
     1316	           22 	
     1317	           21 	
     1318	           26 	
     1319	           18 	
     1320	           29 	
     1321	           17 	
     1322	           18 	
     1323	           16 	
     1324	           13 	
     1325	           21 	
     1326	           17 	
     1327	           23 	
     1328	           28 	
     1329	           23 	
     1330	           14 	
     1331	           16 	
     1332	           19 	
     1333	           20 	
     1334	           28 	
     1335	           17 	
     1336	           18 	
     1337	           16 	
     1338	           22 	
     1339	           24 	
     1340	           24 	
     1341	           22 	
     1342	           19 	
     1343	           24 	
     1344	           25 	
     1345	           18 	
     1346	           14 	
     1347	           15 	
     1348	           29 	
     1349	           18 	
     1350	           17 	
     1351	           19 	
     1352	           17 	
     1353	           22 	
     1354	           26 	
     1355	           14 	
     1356	           14 	
     1357	           20 	
     1358	           20 	
     1359	           17 	
     1360	           16 	
     1361	           26 	
     1362	           19 	
     1363	           13 	
     1364	           24 	
     1365	           20 	
     1366	           19 	
     1367	           20 	
     1368	           22 	
     1369	           23 	
     1370	           17 	
     1371	           29 	
     1372	           13 	
     1373	           16 	
     1374	           16 	
     1375	           19 	
     1376	           18 	
     1377	           23 	
     1378	           16 	
     1379	           10 	
     1380	           19 	
     1381	           15 	
     1382	           24 	
     1383	           28 	
     1384	           18 	
     1385	           15 	
     1386	           27 	
     1387	           13 	
     1388	           29 	
     1389	           12 	
     1390	           25 	
     1391	           10 	
     1392	           19 	
     1393	           17 	
     1394	           13 	
     1395	           16 	
     1396	           12 	
     1397	           18 	
     1398	           17 	
     1399	           23 	
     1400	           20 	
     1401	           27 	
     1402	           17 	
     1403	           18 	
     1404	           20 	
     1405	           15 	
     1406	           20 	
     1407	           26 	
     1408	           21 	
     1409	           17 	
     1410	           19 	
     1411	           25 	
     1412	           18 	
     1413	           16 	
     1414	           20 	
     1415	           20 	
     1416	           17 	
     1417	           23 	
     1418	           20 	
     1419	           19 	
     1420	           24 	
     1421	           13 	
     1422	           19 	
     1423	           24 	
     1424	           15 	
     1425	           17 	
     1426	           25 	
     1427	           17 	
     1428	           20 	
     1429	           16 	
     1430	           18 	
     1431	           24 	
     1432	           12 	
     1433	           18 	
     1434	           17 	
     1435	           18 	
     1436	           25 	
     1437	           23 	
     1438	           31 	
     1439	           24 	
     1440	           25 	
     1441	           18 	
     1442	           27 	
     1443	           16 	
     1444	           20 	
     1445	           23 	
     1446	           21 	
     1447	           21 	
     1448	           16 	
     1449	           22 	
     1450	           13 	
     1451	           15 	
     1452	           21 	
     1453	           21 	
     1454	           23 	
     1455	           28 	
     1456	           19 	
     1457	           27 	
     1458	           15 	
     1459	           23 	
     1460	           25 	
     1461	           25 	
     1462	           22 	
     1463	           25 	
     1464	           22 	
     1465	           19 	
     1466	           19 	
     1467	           16 	
     1468	           18 	
     1469	           22 	
     1470	           26 	
     1471	           29 	
     1472	           20 	
     1473	           21 	
     1474	           19 	
     1475	           21 	
     1476	           14 	
     1477	           20 	
     1478	           32 	
     1479	           14 	
     1480	           12 	
     1481	           33 	
     1482	           28 	
     1483	           19 	
     1484	           17 	
     1485	           14 	
     1486	           24 	
     1487	           22 	
     1488	           21 	
     1489	           15 	
     1490	           21 	
     1491	           19 	
     1492	           28 	
     1493	           19 	
     1494	           24 	
     1495	           23 	
     1496	           17 	
     1497	           21 	
     1498	           20 	
     1499	           22 	
     1500	           17 	
     1501	           25 	
     1502	           23 	
     1503	           20 	
     1504	           22 	
     1505	           23 	
     1506	           18 	
     1507	           18 	
     1508	           11 	
     1509	           23 	
     1510	           17 	
     1511	           24 	
     1512	           13 	
     1513	           25 	
     1514	           28 	
     1515	           17 	
     1516	           18 	
     1517	           18 	
     1518	           22 	
     1519	           19 	
     1520	           15 	
     1521	           26 	
     1522	           17 	
     1523	           24 	
     1524	           21 	
     1525	           31 	
     1526	           16 	
     1527	           22 	
     1528	           21 	
     1529	           20 	
     1530	           29 	
     1531	           17 	
     1532	           21 	
     1533	           21 	
     1534	           23 	
     1535	           17 	
     1536	           23 	
     1537	           22 	
     1538	           27 	
     1539	           22 	
     1540	           18 	
     1541	           19 	
     1542	           20 	
     1543	           32 	
     1544	           15 	
     1545	           17 	
     1546	           26 	
     1547	           21 	
     1548	           24 	
     1549	           24 	
     1550	           25 	
     1551	           21 	
     1552	           16 	
     1553	           22 	
     1554	           13 	
     1555	           19 	
     1556	           14 	
     1557	           20 	
     1558	           21 	
     1559	           19 	
     1560	           22 	
     1561	           19 	
     1562	           21 	
     1563	           21 	
     1564	           28 	
     1565	           21 	
     1566	           15 	
     1567	           20 	
     1568	           16 	
     1569	           25 	
     1570	           23 	
     1571	           18 	
     1572	           25 	
     1573	           28 	
     1574	           18 	
     1575	           12 	
     1576	           23 	
     1577	           17 	
     1578	           18 	
     1579	           20 	
     1580	           21 	
     1581	           20 	
     1582	           26 	
     1583	           14 	
     1584	           16 	
     1585	           25 	
     1586	           29 	
     1587	           22 	
     1588	           14 	
     1589	           22 	
     1590	           18 	
     1591	           21 	
     1592	           16 	
     1593	           19 	
     1594	           11 	
     1595	           22 	
     1596	           16 	
     1597	           24 	
     1598	           20 	
     1599	           26 	
     1600	           24 	
     1601	           26 	
     1602	           23 	
     1603	           26 	
     1604	           24 	
     1605	           11 	
     1606	           22 	
     1607	           15 	
     1608	           26 	
     1609	           17 	
     1610	           26 	
     1611	           23 	
     1612	           19 	
     1613	           20 	
     1614	           19 	
     1615	           21 	
     1616	           16 	
     1617	           18 	
     1618	           18 	
     1619	           13 	
     1620	           27 	
     1621	           19 	
     1622	           17 	
     1623	           18 	
     1624	           19 	
     1625	           22 	
     1626	           12 	
     1627	           10 	
     1628	           17 	
     1629	           20 	
     1630	           15 	
     1631	           20 	
     1632	           17 	
     1633	           17 	
     1634	           25 	
     1635	           16 	
     1636	           27 	
     1637	           24 	
     1638	           14 	
     1639	           21 	
     1640	           22 	
     1641	           16 	
     1642	           24 	
     1643	           15 	
     1644	           28 	
     1645	           25 	
     1646	           23 	
     1647	           23 	
     1648	           27 	
     1649	           13 	
     1650	           17 	
     1651	           27 	
     1652	           24 	
     1653	           20 	
     1654	           17 	
     1655	           23 	
     1656	           25 	
     1657	           15 	
     1658	           20 	
     1659	           22 	
     1660	           18 	
     1661	           14 	
     1662	           19 	
     1663	           19 	
     1664	           17 	
     1665	           15 	
     1666	           25 	
     1667	           20 	
     1668	           24 	
     1669	           17 	
     1670	           17 	
     1671	           23 	
     1672	           29 	
     1673	           18 	
     1674	           19 	
     1675	           22 	
     1676	           17 	
     1677	           17 	
     1678	           16 	
     1679	           32 	
     1680	           21 	
     1681	           19 	
     1682	           20 	
     1683	           25 	
     1684	           21 	
     1685	           30 	
     1686	           21 	
     1687	           21 	
     1688	           15 	
     1689	           17 	
     1690	           18 	
     1691	           31 	
     1692	           13 	
     1693	           15 	
     1694	           28 	
     1695	           18 	
     1696	           27 	
     1697	           16 	
     1698	           22 	
     1699	           18 	
     1700	           23 	
     1701	           24 	
     1702	           11 	
     1703	           23 	
     1704	           14 	
     1705	           16 	
     1706	           21 	
     1707	           16 	
     1708	           23 	
     1709	           11 	
     1710	           18 	
     1711	           15 	
     1712	           27 	
     1713	           13 	
     1714	           21 	
     1715	           22 	
     1716	           19 	
     1717	           17 	
     1718	           24 	
     1719	           21 	
     1720	           13 	
     1721	           23 	
     1722	           19 	
     1723	           19 	
     1724	           15 	
     1725	           12 	
     1726	           21 	
     1727	           23 	
     1728	           20 	
     1729	           21 	
     1730	           27 	
     1731	           16 	
     1732	           13 	
     1733	           19 	
     1734	           25 	
     1735	           12 	
     1736	           27 	
     1737	           18 	
     1738	           23 	
     1739	           21 	
     1740	           13 	
     1741	           24 	
     1742	           18 	
     1743	           22 	
     1744	           20 	
     1745	           20 	
     1746	           22 	
     1747	           15 	
     1748	           22 	
     1749	           18 	
     1750	           22 	
     1751	           15 	
     1752	           17 	
     1753	           20 	
     1754	           21 	
     1755	           23 	
     1756	           15 	
     1757	           11 	
     1758	           21 	
     1759	           19 	
     1760	           15 	
     1761	           27 	
     1762	           22 	
     1763	           15 	
     1764	           11 	
     1765	           20 	
     1766	           17 	
     1767	           27 	
     1768	           15 	
     1769	           23 	
     1770	           17 	
     1771	           21 	
     1772	           19 	
     1773	           18 	
     1774	           11 	
     1775	           20 	
     1776	           17 	
     1777	           22 	
     1778	           16 	
     1779	           16 	
     1780	           18 	
     1781	           19 	
     1782	           23 	
     1783	           18 	
     1784	           23 	
     1785	           24 	
     1786	           21 	
     1787	           20 	
     1788	           11 	
     1789	           24 	
     1790	           20 	
     1791	           23 	
     1792	           13 	
     1793	           26 	
     1794	           17 	
     1795	           18 	
     1796	           23 	
     1797	           26 	
     1798	           14 	
     1799	           15 	
     1800	           19 	
     1801	           21 	
     1802	           16 	
     1803	           28 	
     1804	           12 	
     1805	           19 	
     1806	           20 	
     1807	           20 	
     1808	           21 	
     1809	           20 	
     1810	           23 	
     1811	           14 	
     1812	           24 	
     1813	           19 	
     1814	           16 	
     1815	           16 	
     1816	           18 	
     1817	           17 	
     1818	           21 	
     1819	           19 	
     1820	           24 	
     1821	           15 	
     1822	           27 	
     1823	           19 	
     1824	           19 	
     1825	           23 	
     1826	           28 	
     1827	           13 	
     1828	           16 	
     1829	           19 	
     1830	           16 	
     1831	           20 	
     1832	           16 	
     1833	           17 	
     1834	           13 	
     1835	           18 	
     1836	           14 	
     1837	           22 	
     1838	           20 	
     1839	           20 	
     1840	           26 	
     1841	           18 	
     1842	           16 	
     1843	           12 	
     1844	           22 	
     1845	           17 	
     1846	           18 	
     1847	           21 	
     1848	           19 	
     1849	           18 	
     1850	           24 	
     1851	           20 	
     1852	           19 	
     1853	           20 	
     1854	           12 	
     1855	           28 	
     1856	           12 	
     1857	           25 	
     1858	           14 	
     1859	           16 	
     1860	           23 	
     1861	           19 	
     1862	           20 	
     1863	           30 	
     1864	           16 	
     1865	           16 	
     1866	           27 	
     1867	           23 	
     1868	           26 	
     1869	           23 	
     1870	           25 	
     1871	           21 	
     1872	           16 	
     1873	           24 	
     1874	           19 	
     1875	           19 	
     1876	           25 	
     1877	           22 	
     1878	           13 	
     1879	           25 	
     1880	           23 	
     1881	           22 	
     1882	           22 	
     1883	           24 	
     1884	           22 	
     1885	           16 	
     1886	           28 	
     1887	           20 	
     1888	           21 	
     1889	           16 	
     1890	           15 	
     1891	           14 	
     1892	           21 	
     1893	           24 	
     1894	           18 	
     1895	           26 	
     1896	           17 	
     1897	           24 	
     1898	           20 	
     1899	           19 	
     1900	           15 	
     1901	           18 	
     1902	           26 	
     1903	           21 	
     1904	           19 	
     1905	           20 	
     1906	           19 	
     1907	           22 	
     1908	           15 	
     1909	           18 	
     1910	           21 	
     1911	           20 	
     1912	           15 	
     1913	           23 	
     1914	           23 	
     1915	           33 	
     1916	           16 	
     1917	           18 	
     1918	           13 	
     1919	           25 	
     1920	           17 	
     1921	           14 	
     1922	           17 	
     1923	           31 	
     1924	           23 	
     1925	           19 	
     1926	           14 	
     1927	           18 	
     1928	           23 	
     1929	           19 	
     1930	           21 	
     1931	           15 	
     1932	           28 	
     1933	           16 	
     1934	           21 	
     1935	           22 	
     1936	           22 	
     1937	           13 	
     1938	           19 	
     1939	           20 	
     1940	           24 	
     1941	           19 	
     1942	           13 	
     1943	           24 	
     1944	           36 	
     1945	           18 	
     1946	           14 	
     1947	           18 	
     1948	           15 	
     1949	           17 	
     1950	           12 	
     1951	           22 	
     1952	           28 	
     1953	           19 	
     1954	           23 	
     1955	           21 	
     1956	           20 	
     1957	           25 	
     1958	           26 	
     1959	           20 	
     1960	           19 	
     1961	           23 	
     1962	           25 	
     1963	           27 	
     1964	           22 	
     1965	           21 	
     1966	           17 	
     1967	           22 	
     1968	           15 	
     1969	           13 	
     1970	           17 	
     1971	           22 	
     1972	           15 	
     1973	           17 	
     1974	           14 	
     1975	           26 	
     1976	           26 	
     1977	           20 	
     1978	           20 	
     1979	           17 	
     1980	           14 	
     1981	           24 	
     1982	           25 	
     1983	           21 	
     1984	           17 	
     1985	           22 	
     1986	           18 	
     1987	           12 	
     1988	           24 	
     1989	           21 	
     1990	           18 	
     1991	           35 	
     1992	           16 	
     1993	           14 	
     1994	           16 	
     1995	           18 	
     1996	           15 	
     1997	           25 	
     1998	           24 	
     1999	           17 	
     2000	           27 	
