Thorlabs Single Photon Counter Data Export

Date (YYYY-MM-DD):	2025-09-12
Time (HH:MM:SS):	23:37:18
Device Name:	SPCM50A
Serial Number:	M00296614
GUI Revision:	1.0 Build 23
Driver Revision:	1.1.0
Firmware Revision:	1.0.0

Application settings:
Operating Mode:	Free Running Timed Counter
Bin Length [ms]:	1
Time between Bins [ms]:	0.001
Pulse Blind Time [ns]:	0
Trigger Edge:	non-applicable
Array Measurement:	Yes
Array Measurement Continuously:	No
Bins per Array:	2000
Active APD Gating:	No
Fan Off:	No

Bin Number 	Counts per Bin 	Remarks
        1	           27 	
        2	           38 	
        3	           42 	
        4	           39 	
        5	           53 	
        6	           30 	
        7	           41 	
        8	           30 	
        9	           52 	
       10	           30 	
       11	           44 	
       12	           38 	
       13	           47 	
       14	           38 	
       15	           43 	
       16	           33 	
       17	           41 	
       18	           32 	
       19	           31 	
       20	           39 	
       21	           42 	
       22	           45 	
       23	           51 	
       24	           35 	
       25	           36 	
       26	           38 	
       27	           47 	
       28	           42 	
       29	           43 	
       30	           38 	
       31	           35 	
       32	           32 	
       33	           40 	
       34	           39 	
       35	           45 	
       36	           47 	
       37	           37 	
       38	           44 	
       39	           48 	
       40	           50 	
       41	           33 	
       42	           42 	
       43	           36 	
       44	           36 	
       45	           42 	
       46	           39 	
       47	           35 	
       48	           44 	
       49	           46 	
       50	           33 	
       51	           46 	
       52	           40 	
       53	           36 	
       54	           47 	
       55	           35 	
       56	           38 	
       57	           24 	
       58	           42 	
       59	           36 	
       60	           40 	
       61	           39 	
       62	           45 	
       63	           42 	
       64	           44 	
       65	           31 	
       66	           34 	
       67	           44 	
       68	           33 	
       69	           41 	
       70	           42 	
       71	           43 	
       72	           26 	
       73	           31 	
       74	           42 	
       75	           47 	
       76	           37 	
       77	           38 	
       78	           39 	
       79	           47 	
       80	           39 	
       81	           42 	
       82	           31 	
       83	           42 	
       84	           42 	
       85	           43 	
       86	           28 	
       87	           56 	
       88	           34 	
       89	           34 	
       90	           42 	
       91	           41 	
       92	           41 	
       93	           29 	
       94	           46 	
       95	           33 	
       96	           41 	
       97	           35 	
       98	           38 	
       99	           52 	
      100	           40 	
      101	           49 	
      102	           36 	
      103	           41 	
      104	           39 	
      105	           43 	
      106	           33 	
      107	           36 	
      108	           44 	
      109	           39 	
      110	           48 	
      111	           38 	
      112	           47 	
      113	           44 	
      114	           44 	
      115	           48 	
      116	           44 	
      117	           40 	
      118	           44 	
      119	           34 	
      120	           43 	
      121	           50 	
      122	           36 	
      123	           41 	
      124	           38 	
      125	           39 	
      126	           39 	
      127	           45 	
      128	           37 	
      129	           49 	
      130	           31 	
      131	           39 	
      132	           44 	
      133	           43 	
      134	           29 	
      135	           43 	
      136	           41 	
      137	           45 	
      138	           47 	
      139	           48 	
      140	           38 	
      141	           44 	
      142	           57 	
      143	           42 	
      144	           38 	
      145	           51 	
      146	           45 	
      147	           51 	
      148	           31 	
      149	           35 	
      150	           35 	
      151	           40 	
      152	           33 	
      153	           47 	
      154	           34 	
      155	           38 	
      156	           37 	
      157	           29 	
      158	           46 	
      159	           47 	
      160	           61 	
      161	           51 	
      162	           38 	
      163	           35 	
      164	           43 	
      165	           43 	
      166	           42 	
      167	           48 	
      168	           39 	
      169	           34 	
      170	           39 	
      171	           33 	
      172	           40 	
      173	           45 	
      174	           46 	
      175	           44 	
      176	           38 	
      177	           44 	
      178	           34 	
      179	           34 	
      180	           40 	
      181	           41 	
      182	           39 	
      183	           44 	
      184	           51 	
      185	           45 	
      186	           39 	
      187	           33 	
      188	           38 	
      189	           34 	
      190	           41 	
      191	           44 	
      192	           36 	
      193	           43 	
      194	           27 	
      195	           29 	
      196	           38 	
      197	           46 	
      198	           34 	
      199	           31 	
      200	           43 	
      201	           43 	
      202	           44 	
      203	           43 	
      204	           38 	
      205	           40 	
      206	           43 	
      207	           29 	
      208	           36 	
      209	           33 	
      210	           28 	
      211	           34 	
      212	           53 	
      213	           43 	
      214	           44 	
      215	           51 	
      216	           45 	
      217	           45 	
      218	           42 	
      219	           56 	
      220	           46 	
      221	           37 	
      222	           39 	
      223	           35 	
      224	           43 	
      225	           52 	
      226	           48 	
      227	           38 	
      228	           43 	
      229	           39 	
      230	           50 	
      231	           37 	
      232	           38 	
      233	           47 	
      234	           42 	
      235	           47 	
      236	           44 	
      237	           49 	
      238	           32 	
      239	           34 	
      240	           45 	
      241	           51 	
      242	           29 	
      243	           44 	
      244	           35 	
      245	           33 	
      246	           47 	
      247	           38 	
      248	           37 	
      249	           41 	
      250	           43 	
      251	           37 	
      252	           36 	
      253	           38 	
      254	           38 	
      255	           36 	
      256	           45 	
      257	           33 	
      258	           35 	
      259	           42 	
      260	           45 	
      261	           47 	
      262	           36 	
      263	           37 	
      264	           43 	
      265	           46 	
      266	           40 	
      267	           36 	
      268	           34 	
      269	           33 	
      270	           41 	
      271	           39 	
      272	           41 	
      273	           51 	
      274	           36 	
      275	           31 	
      276	           48 	
      277	           45 	
      278	           31 	
      279	           31 	
      280	           37 	
      281	           37 	
      282	           31 	
      283	           32 	
      284	           37 	
      285	           39 	
      286	           38 	
      287	           43 	
      288	           53 	
      289	           45 	
      290	           45 	
      291	           38 	
      292	           38 	
      293	           46 	
      294	           39 	
      295	           42 	
      296	           42 	
      297	           36 	
      298	           33 	
      299	           26 	
      300	           35 	
      301	           38 	
      302	           45 	
      303	           36 	
      304	           43 	
      305	           38 	
      306	           38 	
      307	           44 	
      308	           48 	
      309	           43 	
      310	           53 	
      311	           34 	
      312	           33 	
      313	           35 	
      314	           38 	
      315	           38 	
      316	           44 	
      317	           42 	
      318	           33 	
      319	           37 	
      320	           46 	
      321	           35 	
      322	           45 	
      323	           33 	
      324	           52 	
      325	           47 	
      326	           47 	
      327	           29 	
      328	           43 	
      329	           41 	
      330	           33 	
      331	           46 	
      332	           45 	
      333	           32 	
      334	           35 	
      335	           20 	
      336	           30 	
      337	           47 	
      338	           41 	
      339	           46 	
      340	           43 	
      341	           32 	
      342	           40 	
      343	           38 	
      344	           40 	
      345	           46 	
      346	           36 	
      347	           34 	
      348	           38 	
      349	           43 	
      350	           48 	
      351	           41 	
      352	           26 	
      353	           47 	
      354	           39 	
      355	           43 	
      356	           39 	
      357	           33 	
      358	           42 	
      359	           32 	
      360	           50 	
      361	           35 	
      362	           46 	
      363	           54 	
      364	           46 	
      365	           30 	
      366	           33 	
      367	           32 	
      368	           47 	
      369	           38 	
      370	           34 	
      371	           43 	
      372	           43 	
      373	           34 	
      374	           31 	
      375	           35 	
      376	           47 	
      377	           40 	
      378	           40 	
      379	           26 	
      380	           38 	
      381	           40 	
      382	           32 	
      383	           39 	
      384	           38 	
      385	           47 	
      386	           40 	
      387	           40 	
      388	           40 	
      389	           45 	
      390	           52 	
      391	           34 	
      392	           26 	
      393	           44 	
      394	           46 	
      395	           42 	
      396	           35 	
      397	           35 	
      398	           31 	
      399	           42 	
      400	           36 	
      401	           34 	
      402	           42 	
      403	           34 	
      404	           48 	
      405	           54 	
      406	           41 	
      407	           37 	
      408	           40 	
      409	           40 	
      410	           36 	
      411	           45 	
      412	           33 	
      413	           31 	
      414	           41 	
      415	           36 	
      416	           47 	
      417	           42 	
      418	           45 	
      419	           55 	
      420	           32 	
      421	           44 	
      422	           44 	
      423	           45 	
      424	           45 	
      425	           55 	
      426	           49 	
      427	           28 	
      428	           51 	
      429	           34 	
      430	           35 	
      431	           51 	
      432	           33 	
      433	           35 	
      434	           42 	
      435	           45 	
      436	           54 	
      437	           43 	
      438	           36 	
      439	           35 	
      440	           44 	
      441	           44 	
      442	           50 	
      443	           41 	
      444	           46 	
      445	           43 	
      446	           47 	
      447	           40 	
      448	           42 	
      449	           37 	
      450	           47 	
      451	           47 	
      452	           34 	
      453	           39 	
      454	           43 	
      455	           34 	
      456	           47 	
      457	           42 	
      458	           38 	
      459	           42 	
      460	           36 	
      461	           37 	
      462	           36 	
      463	           49 	
      464	           38 	
      465	           33 	
      466	           46 	
      467	           45 	
      468	           33 	
      469	           39 	
      470	           51 	
      471	           53 	
      472	           41 	
      473	           33 	
      474	           41 	
      475	           37 	
      476	           46 	
      477	           41 	
      478	           28 	
      479	           41 	
      480	           44 	
      481	           46 	
      482	           41 	
      483	           45 	
      484	           50 	
      485	           45 	
      486	           47 	
      487	           32 	
      488	           39 	
      489	           41 	
      490	           43 	
      491	           42 	
      492	           55 	
      493	           37 	
      494	           31 	
      495	           41 	
      496	           34 	
      497	           26 	
      498	           34 	
      499	           32 	
      500	           39 	
      501	           39 	
      502	           43 	
      503	           36 	
      504	           35 	
      505	           41 	
      506	           39 	
      507	           41 	
      508	           25 	
      509	           45 	
      510	           37 	
      511	           45 	
      512	           37 	
      513	           31 	
      514	           46 	
      515	           31 	
      516	           39 	
      517	           38 	
      518	           48 	
      519	           49 	
      520	           59 	
      521	           41 	
      522	           45 	
      523	           36 	
      524	           42 	
      525	           47 	
      526	           44 	
      527	           44 	
      528	           38 	
      529	           46 	
      530	           28 	
      531	           27 	
      532	           37 	
      533	           35 	
      534	           46 	
      535	           45 	
      536	           39 	
      537	           34 	
      538	           43 	
      539	           37 	
      540	           53 	
      541	           36 	
      542	           38 	
      543	           39 	
      544	           45 	
      545	           40 	
      546	           41 	
      547	           41 	
      548	           41 	
      549	           36 	
      550	           37 	
      551	           40 	
      552	           44 	
      553	           32 	
      554	           43 	
      555	           39 	
      556	           49 	
      557	           45 	
      558	           42 	
      559	           31 	
      560	           45 	
      561	           41 	
      562	           41 	
      563	           31 	
      564	           37 	
      565	           34 	
      566	           37 	
      567	           38 	
      568	           48 	
      569	           33 	
      570	           47 	
      571	           41 	
      572	           36 	
      573	           32 	
      574	           36 	
      575	           36 	
      576	           38 	
      577	           43 	
      578	           37 	
      579	           28 	
      580	           49 	
      581	           38 	
      582	           31 	
      583	           42 	
      584	           31 	
      585	           30 	
      586	           40 	
      587	           35 	
      588	           40 	
      589	           51 	
      590	           35 	
      591	           41 	
      592	           34 	
      593	           37 	
      594	           33 	
      595	           33 	
      596	           39 	
      597	           43 	
      598	           53 	
      599	           34 	
      600	           45 	
      601	           35 	
      602	           47 	
      603	           30 	
      604	           35 	
      605	           37 	
      606	           38 	
      607	           48 	
      608	           38 	
      609	           45 	
      610	           43 	
      611	           42 	
      612	           40 	
      613	           25 	
      614	           41 	
      615	           37 	
      616	           39 	
      617	           42 	
      618	           32 	
      619	           49 	
      620	           48 	
      621	           41 	
      622	           39 	
      623	           46 	
      624	           47 	
      625	           39 	
      626	           35 	
      627	           28 	
      628	           42 	
      629	           35 	
      630	           33 	
      631	           45 	
      632	           32 	
      633	           45 	
      634	           46 	
      635	           42 	
      636	           53 	
      637	           43 	
      638	           39 	
      639	           40 	
      640	           49 	
      641	           35 	
      642	           37 	
      643	           43 	
      644	           33 	
      645	           41 	
      646	           49 	
      647	           42 	
      648	           36 	
      649	           45 	
      650	           41 	
      651	           43 	
      652	           34 	
      653	           35 	
      654	           52 	
      655	           41 	
      656	           43 	
      657	           46 	
      658	           42 	
      659	           41 	
      660	           44 	
      661	           36 	
      662	           35 	
      663	           40 	
      664	           48 	
      665	           43 	
      666	           37 	
      667	           42 	
      668	           36 	
      669	           44 	
      670	           46 	
      671	           47 	
      672	           39 	
      673	           36 	
      674	           42 	
      675	           40 	
      676	           39 	
      677	           37 	
      678	           39 	
      679	           43 	
      680	           32 	
      681	           53 	
      682	           35 	
      683	           31 	
      684	           45 	
      685	           29 	
      686	           36 	
      687	           51 	
      688	           36 	
      689	           45 	
      690	           49 	
      691	           36 	
      692	           32 	
      693	           41 	
      694	           46 	
      695	           38 	
      696	           47 	
      697	           44 	
      698	           42 	
      699	           43 	
      700	           39 	
      701	           37 	
      702	           35 	
      703	           37 	
      704	           44 	
      705	           45 	
      706	           36 	
      707	           43 	
      708	           38 	
      709	           41 	
      710	           46 	
      711	           45 	
      712	           52 	
      713	           43 	
      714	           30 	
      715	           33 	
      716	           46 	
      717	           43 	
      718	           33 	
      719	           45 	
      720	           31 	
      721	           42 	
      722	           33 	
      723	           40 	
      724	           30 	
      725	           40 	
      726	           34 	
      727	           34 	
      728	           36 	
      729	           30 	
      730	           35 	
      731	           40 	
      732	           39 	
      733	           37 	
      734	           44 	
      735	           36 	
      736	           45 	
      737	           44 	
      738	           34 	
      739	           43 	
      740	           37 	
      741	           36 	
      742	           42 	
      743	           37 	
      744	           35 	
      745	           37 	
      746	           37 	
      747	           39 	
      748	           42 	
      749	           45 	
      750	           32 	
      751	           40 	
      752	           37 	
      753	           40 	
      754	           33 	
      755	           35 	
      756	           42 	
      757	           40 	
      758	           56 	
      759	           43 	
      760	           36 	
      761	           42 	
      762	           31 	
      763	           40 	
      764	           28 	
      765	           47 	
      766	           36 	
      767	           31 	
      768	           29 	
      769	           44 	
      770	           32 	
      771	           38 	
      772	           35 	
      773	           36 	
      774	           36 	
      775	           48 	
      776	           50 	
      777	           51 	
      778	           33 	
      779	           40 	
      780	           38 	
      781	           31 	
      782	           49 	
      783	           34 	
      784	           42 	
      785	           41 	
      786	           42 	
      787	           35 	
      788	           36 	
      789	           37 	
      790	           37 	
      791	           35 	
      792	           47 	
      793	           42 	
      794	           37 	
      795	           47 	
      796	           46 	
      797	           43 	
      798	           44 	
      799	           42 	
      800	           39 	
      801	           31 	
      802	           44 	
      803	           41 	
      804	           48 	
      805	           38 	
      806	           41 	
      807	           37 	
      808	           25 	
      809	           42 	
      810	           47 	
      811	           46 	
      812	           34 	
      813	           38 	
      814	           51 	
      815	           43 	
      816	           44 	
      817	           24 	
      818	           46 	
      819	           51 	
      820	           37 	
      821	           31 	
      822	           38 	
      823	           47 	
      824	           41 	
      825	           37 	
      826	           46 	
      827	           32 	
      828	           50 	
      829	           44 	
      830	           29 	
      831	           33 	
      832	           45 	
      833	           48 	
      834	           44 	
      835	           46 	
      836	           36 	
      837	           46 	
      838	           35 	
      839	           46 	
      840	           30 	
      841	           37 	
      842	           42 	
      843	           38 	
      844	           38 	
      845	           27 	
      846	           40 	
      847	           52 	
      848	           42 	
      849	           40 	
      850	           42 	
      851	           41 	
      852	           37 	
      853	           35 	
      854	           39 	
      855	           41 	
      856	           40 	
      857	           39 	
      858	           32 	
      859	           39 	
      860	           38 	
      861	           27 	
      862	           35 	
      863	           45 	
      864	           47 	
      865	           46 	
      866	           43 	
      867	           33 	
      868	           38 	
      869	           36 	
      870	           50 	
      871	           41 	
      872	           30 	
      873	           29 	
      874	           51 	
      875	           42 	
      876	           37 	
      877	           40 	
      878	           31 	
      879	           47 	
      880	           47 	
      881	           42 	
      882	           48 	
      883	           42 	
      884	           36 	
      885	           42 	
      886	           46 	
      887	           36 	
      888	           43 	
      889	           46 	
      890	           38 	
      891	           30 	
      892	           51 	
      893	           36 	
      894	           51 	
      895	           35 	
      896	           45 	
      897	           37 	
      898	           29 	
      899	           42 	
      900	           42 	
      901	           29 	
      902	           41 	
      903	           42 	
      904	           33 	
      905	           39 	
      906	           38 	
      907	           43 	
      908	           42 	
      909	           40 	
      910	           32 	
      911	           56 	
      912	           40 	
      913	           38 	
      914	           39 	
      915	           29 	
      916	           34 	
      917	           26 	
      918	           38 	
      919	           46 	
      920	           38 	
      921	           43 	
      922	           46 	
      923	           41 	
      924	           42 	
      925	           36 	
      926	           40 	
      927	           39 	
      928	           43 	
      929	           35 	
      930	           40 	
      931	           45 	
      932	           48 	
      933	           43 	
      934	           38 	
      935	           39 	
      936	           42 	
      937	           44 	
      938	           47 	
      939	           36 	
      940	           42 	
      941	           49 	
      942	           40 	
      943	           41 	
      944	           42 	
      945	           32 	
      946	           34 	
      947	           42 	
      948	           25 	
      949	           37 	
      950	           29 	
      951	           41 	
      952	           48 	
      953	           38 	
      954	           34 	
      955	           51 	
      956	           43 	
      957	           35 	
      958	           34 	
      959	           31 	
      960	           29 	
      961	           40 	
      962	           41 	
      963	           48 	
      964	           33 	
      965	           45 	
      966	           40 	
      967	           38 	
      968	           39 	
      969	           41 	
      970	           33 	
      971	           52 	
      972	           44 	
      973	           40 	
      974	           36 	
      975	           40 	
      976	           46 	
      977	           47 	
      978	           44 	
      979	           44 	
      980	           31 	
      981	           40 	
      982	           48 	
      983	           37 	
      984	           47 	
      985	           47 	
      986	           32 	
      987	           47 	
      988	           41 	
      989	           39 	
      990	           29 	
      991	           44 	
      992	           36 	
      993	           38 	
      994	           38 	
      995	           34 	
      996	           46 	
      997	           29 	
      998	           43 	
      999	           37 	
     1000	           50 	
     1001	           47 	
     1002	           47 	
     1003	           33 	
     1004	           30 	
     1005	           54 	
     1006	           30 	
     1007	           36 	
     1008	           46 	
     1009	           38 	
     1010	           35 	
     1011	           37 	
     1012	           38 	
     1013	           40 	
     1014	           31 	
     1015	           30 	
     1016	           33 	
     1017	           43 	
     1018	           40 	
     1019	           35 	
     1020	           32 	
     1021	           43 	
     1022	           36 	
     1023	           46 	
     1024	           36 	
     1025	           36 	
     1026	           48 	
     1027	           41 	
     1028	           50 	
     1029	           46 	
     1030	           40 	
     1031	           38 	
     1032	           28 	
     1033	           41 	
     1034	           35 	
     1035	           35 	
     1036	           41 	
     1037	           30 	
     1038	           44 	
     1039	           42 	
     1040	           40 	
     1041	           43 	
     1042	           46 	
     1043	           44 	
     1044	           44 	
     1045	           41 	
     1046	           38 	
     1047	           39 	
     1048	           44 	
     1049	           35 	
     1050	           32 	
     1051	           41 	
     1052	           32 	
     1053	           41 	
     1054	           44 	
     1055	           47 	
     1056	           36 	
     1057	           33 	
     1058	           43 	
     1059	           40 	
     1060	           40 	
     1061	           35 	
     1062	           50 	
     1063	           36 	
     1064	           46 	
     1065	           31 	
     1066	           53 	
     1067	           45 	
     1068	           46 	
     1069	           47 	
     1070	           47 	
     1071	           44 	
     1072	           47 	
     1073	           42 	
     1074	           37 	
     1075	           45 	
     1076	           43 	
     1077	           35 	
     1078	           42 	
     1079	           47 	
     1080	           41 	
     1081	           36 	
     1082	           29 	
     1083	           41 	
     1084	           52 	
     1085	           37 	
     1086	           33 	
     1087	           39 	
     1088	           30 	
     1089	           44 	
     1090	           39 	
     1091	           34 	
     1092	           42 	
     1093	           42 	
     1094	           41 	
     1095	           44 	
     1096	           35 	
     1097	           39 	
     1098	           33 	
     1099	           53 	
     1100	           38 	
     1101	           43 	
     1102	           38 	
     1103	           36 	
     1104	           44 	
     1105	           40 	
     1106	           35 	
     1107	           36 	
     1108	           36 	
     1109	           36 	
     1110	           37 	
     1111	           47 	
     1112	           37 	
     1113	           34 	
     1114	           53 	
     1115	           55 	
     1116	           46 	
     1117	           50 	
     1118	           41 	
     1119	           42 	
     1120	           50 	
     1121	           36 	
     1122	           27 	
     1123	           49 	
     1124	           51 	
     1125	           44 	
     1126	           45 	
     1127	           38 	
     1128	           40 	
     1129	           39 	
     1130	           43 	
     1131	           39 	
     1132	           37 	
     1133	           38 	
     1134	           36 	
     1135	           38 	
     1136	           40 	
     1137	           31 	
     1138	           35 	
     1139	           41 	
     1140	           48 	
     1141	           52 	
     1142	           35 	
     1143	           39 	
     1144	           44 	
     1145	           39 	
     1146	           42 	
     1147	           45 	
     1148	           37 	
     1149	           42 	
     1150	           35 	
     1151	           35 	
     1152	           37 	
     1153	           43 	
     1154	           51 	
     1155	           38 	
     1156	           37 	
     1157	           43 	
     1158	           41 	
     1159	           35 	
     1160	           41 	
     1161	           35 	
     1162	           42 	
     1163	           44 	
     1164	           48 	
     1165	           40 	
     1166	           38 	
     1167	           46 	
     1168	           37 	
     1169	           43 	
     1170	           39 	
     1171	           26 	
     1172	           40 	
     1173	           28 	
     1174	           34 	
     1175	           27 	
     1176	           26 	
     1177	           40 	
     1178	           58 	
     1179	           45 	
     1180	           32 	
     1181	           35 	
     1182	           45 	
     1183	           47 	
     1184	           33 	
     1185	           40 	
     1186	           37 	
     1187	           34 	
     1188	           40 	
     1189	           49 	
     1190	           51 	
     1191	           42 	
     1192	           36 	
     1193	           46 	
     1194	           42 	
     1195	           35 	
     1196	           44 	
     1197	           41 	
     1198	           56 	
     1199	           39 	
     1200	           39 	
     1201	           35 	
     1202	           26 	
     1203	           33 	
     1204	           43 	
     1205	           27 	
     1206	           36 	
     1207	           30 	
     1208	           39 	
     1209	           48 	
     1210	           36 	
     1211	           40 	
     1212	           39 	
     1213	           56 	
     1214	           44 	
     1215	           32 	
     1216	           39 	
     1217	           46 	
     1218	           37 	
     1219	           31 	
     1220	           42 	
     1221	           41 	
     1222	           34 	
     1223	           49 	
     1224	           46 	
     1225	           29 	
     1226	           27 	
     1227	           43 	
     1228	           45 	
     1229	           38 	
     1230	           43 	
     1231	           40 	
     1232	           36 	
     1233	           43 	
     1234	           27 	
     1235	           52 	
     1236	           31 	
     1237	           34 	
     1238	           43 	
     1239	           49 	
     1240	           39 	
     1241	           43 	
     1242	           43 	
     1243	           40 	
     1244	           42 	
     1245	           32 	
     1246	           44 	
     1247	           37 	
     1248	           40 	
     1249	           44 	
     1250	           42 	
     1251	           35 	
     1252	           36 	
     1253	           38 	
     1254	           46 	
     1255	           40 	
     1256	           31 	
     1257	           42 	
     1258	           55 	
     1259	           43 	
     1260	           40 	
     1261	           29 	
     1262	           37 	
     1263	           40 	
     1264	           45 	
     1265	           37 	
     1266	           37 	
     1267	           39 	
     1268	           47 	
     1269	           38 	
     1270	           28 	
     1271	           38 	
     1272	           43 	
     1273	           35 	
     1274	           48 	
     1275	           60 	
     1276	           39 	
     1277	           45 	
     1278	           50 	
     1279	           44 	
     1280	           37 	
     1281	           37 	
     1282	           43 	
     1283	           40 	
     1284	           38 	
     1285	           44 	
     1286	           42 	
     1287	           37 	
     1288	           40 	
     1289	           45 	
     1290	           37 	
     1291	           43 	
     1292	           44 	
     1293	           45 	
     1294	           37 	
     1295	           20 	
     1296	           41 	
     1297	           36 	
     1298	           46 	
     1299	           38 	
     1300	           32 	
     1301	           39 	
     1302	           44 	
     1303	           50 	
     1304	           26 	
     1305	           36 	
     1306	           51 	
     1307	           47 	
     1308	           47 	
     1309	           42 	
     1310	           43 	
     1311	           43 	
     1312	           39 	
     1313	           42 	
     1314	           37 	
     1315	           37 	
     1316	           43 	
     1317	           49 	
     1318	           46 	
     1319	           42 	
     1320	           41 	
     1321	           29 	
     1322	           43 	
     1323	           38 	
     1324	           30 	
     1325	           34 	
     1326	           42 	
     1327	           34 	
     1328	           49 	
     1329	           42 	
     1330	           34 	
     1331	           46 	
     1332	           30 	
     1333	           41 	
     1334	           26 	
     1335	           39 	
     1336	           44 	
     1337	           39 	
     1338	           43 	
     1339	           41 	
     1340	           51 	
     1341	           40 	
     1342	           48 	
     1343	           39 	
     1344	           44 	
     1345	           30 	
     1346	           42 	
     1347	           56 	
     1348	           46 	
     1349	           37 	
     1350	           41 	
     1351	           38 	
     1352	           52 	
     1353	           46 	
     1354	           37 	
     1355	           37 	
     1356	           48 	
     1357	           37 	
     1358	           43 	
     1359	           27 	
     1360	           30 	
     1361	           35 	
     1362	           36 	
     1363	           38 	
     1364	           34 	
     1365	           38 	
     1366	           51 	
     1367	           40 	
     1368	           36 	
     1369	           44 	
     1370	           46 	
     1371	           40 	
     1372	           39 	
     1373	           46 	
     1374	           40 	
     1375	           49 	
     1376	           43 	
     1377	           33 	
     1378	           36 	
     1379	           38 	
     1380	           42 	
     1381	           25 	
     1382	           44 	
     1383	           37 	
     1384	           44 	
     1385	           41 	
     1386	           34 	
     1387	           39 	
     1388	           41 	
     1389	           42 	
     1390	           40 	
     1391	           36 	
     1392	           48 	
     1393	           46 	
     1394	           36 	
     1395	           25 	
     1396	           48 	
     1397	           33 	
     1398	           34 	
     1399	           30 	
     1400	           42 	
     1401	           37 	
     1402	           54 	
     1403	           39 	
     1404	           38 	
     1405	           42 	
     1406	           48 	
     1407	           40 	
     1408	           35 	
     1409	           38 	
     1410	           41 	
     1411	           53 	
     1412	           41 	
     1413	           33 	
     1414	           39 	
     1415	           52 	
     1416	           35 	
     1417	           43 	
     1418	           51 	
     1419	           46 	
     1420	           42 	
     1421	           51 	
     1422	           37 	
     1423	           36 	
     1424	           49 	
     1425	           38 	
     1426	           43 	
     1427	           41 	
     1428	           39 	
     1429	           52 	
     1430	           39 	
     1431	           37 	
     1432	           38 	
     1433	           45 	
     1434	           44 	
     1435	           44 	
     1436	           52 	
     1437	           51 	
     1438	           49 	
     1439	           31 	
     1440	           41 	
     1441	           39 	
     1442	           34 	
     1443	           39 	
     1444	           40 	
     1445	           38 	
     1446	           48 	
     1447	           29 	
     1448	           42 	
     1449	           40 	
     1450	           45 	
     1451	           35 	
     1452	           28 	
     1453	           39 	
     1454	           45 	
     1455	           23 	
     1456	           35 	
     1457	           30 	
     1458	           39 	
     1459	           38 	
     1460	           47 	
     1461	           37 	
     1462	           29 	
     1463	           52 	
     1464	           40 	
     1465	           41 	
     1466	           45 	
     1467	           37 	
     1468	           31 	
     1469	           34 	
     1470	           39 	
     1471	           40 	
     1472	           31 	
     1473	           40 	
     1474	           31 	
     1475	           30 	
     1476	           31 	
     1477	           38 	
     1478	           52 	
     1479	           26 	
     1480	           41 	
     1481	           42 	
     1482	           43 	
     1483	           24 	
     1484	           61 	
     1485	           39 	
     1486	           34 	
     1487	           36 	
     1488	           41 	
     1489	           43 	
     1490	           41 	
     1491	           41 	
     1492	           50 	
     1493	           32 	
     1494	           46 	
     1495	           40 	
     1496	           52 	
     1497	           41 	
     1498	           41 	
     1499	           41 	
     1500	           36 	
     1501	           43 	
     1502	           42 	
     1503	           40 	
     1504	           40 	
     1505	           37 	
     1506	           44 	
     1507	           36 	
     1508	           47 	
     1509	           33 	
     1510	           40 	
     1511	           40 	
     1512	           46 	
     1513	           49 	
     1514	           32 	
     1515	           42 	
     1516	           48 	
     1517	           41 	
     1518	           52 	
     1519	           45 	
     1520	           47 	
     1521	           43 	
     1522	           35 	
     1523	           51 	
     1524	           47 	
     1525	           53 	
     1526	           46 	
     1527	           34 	
     1528	           33 	
     1529	           55 	
     1530	           55 	
     1531	           33 	
     1532	           41 	
     1533	           44 	
     1534	           41 	
     1535	           36 	
     1536	           39 	
     1537	           41 	
     1538	           45 	
     1539	           42 	
     1540	           41 	
     1541	           38 	
     1542	           52 	
     1543	           34 	
     1544	           27 	
     1545	           27 	
     1546	           28 	
     1547	           41 	
     1548	           38 	
     1549	           34 	
     1550	           47 	
     1551	           46 	
     1552	           41 	
     1553	           38 	
     1554	           35 	
     1555	           35 	
     1556	           41 	
     1557	           38 	
     1558	           36 	
     1559	           33 	
     1560	           46 	
     1561	           43 	
     1562	           41 	
     1563	           39 	
     1564	           45 	
     1565	           38 	
     1566	           40 	
     1567	           58 	
     1568	           43 	
     1569	           38 	
     1570	           40 	
     1571	           47 	
     1572	           51 	
     1573	           29 	
     1574	           41 	
     1575	           32 	
     1576	           46 	
     1577	           34 	
     1578	           52 	
     1579	           44 	
     1580	           41 	
     1581	           42 	
     1582	           47 	
     1583	           30 	
     1584	           40 	
     1585	           39 	
     1586	           44 	
     1587	           35 	
     1588	           27 	
     1589	           33 	
     1590	           35 	
     1591	           46 	
     1592	           33 	
     1593	           52 	
     1594	           34 	
     1595	           43 	
     1596	           42 	
     1597	           25 	
     1598	           39 	
     1599	           50 	
     1600	           38 	
     1601	           41 	
     1602	           45 	
     1603	           47 	
     1604	           37 	
     1605	           39 	
     1606	           27 	
     1607	           47 	
     1608	           30 	
     1609	           22 	
     1610	           33 	
     1611	           41 	
     1612	           34 	
     1613	           38 	
     1614	           37 	
     1615	           42 	
     1616	           51 	
     1617	           36 	
     1618	           40 	
     1619	           49 	
     1620	           33 	
     1621	           34 	
     1622	           33 	
     1623	           38 	
     1624	           32 	
     1625	           46 	
     1626	           32 	
     1627	           50 	
     1628	           43 	
     1629	           40 	
     1630	           29 	
     1631	           46 	
     1632	           34 	
     1633	           35 	
     1634	           41 	
     1635	           29 	
     1636	           39 	
     1637	           38 	
     1638	           32 	
     1639	           30 	
     1640	           49 	
     1641	           30 	
     1642	           35 	
     1643	           38 	
     1644	           32 	
     1645	           44 	
     1646	           50 	
     1647	           35 	
     1648	           43 	
     1649	           42 	
     1650	           46 	
     1651	           34 	
     1652	           35 	
     1653	           43 	
     1654	           45 	
     1655	           36 	
     1656	           52 	
     1657	           42 	
     1658	           46 	
     1659	           37 	
     1660	           46 	
     1661	           38 	
     1662	           37 	
     1663	           47 	
     1664	           51 	
     1665	           41 	
     1666	           44 	
     1667	           37 	
     1668	           43 	
     1669	           43 	
     1670	           41 	
     1671	           37 	
     1672	           42 	
     1673	           39 	
     1674	           48 	
     1675	           47 	
     1676	           32 	
     1677	           40 	
     1678	           36 	
     1679	           46 	
     1680	           35 	
     1681	           47 	
     1682	           44 	
     1683	           38 	
     1684	           43 	
     1685	           40 	
     1686	           40 	
     1687	           47 	
     1688	           38 	
     1689	           22 	
     1690	           39 	
     1691	           46 	
     1692	           42 	
     1693	           34 	
     1694	           44 	
     1695	           45 	
     1696	           47 	
     1697	           44 	
     1698	           43 	
     1699	           54 	
     1700	           41 	
     1701	           37 	
     1702	           28 	
     1703	           46 	
     1704	           35 	
     1705	           34 	
     1706	           40 	
     1707	           40 	
     1708	           40 	
     1709	           36 	
     1710	           41 	
     1711	           34 	
     1712	           42 	
     1713	           31 	
     1714	           41 	
     1715	           43 	
     1716	           50 	
     1717	           36 	
     1718	           32 	
     1719	           40 	
     1720	           45 	
     1721	           39 	
     1722	           43 	
     1723	           31 	
     1724	           38 	
     1725	           51 	
     1726	           41 	
     1727	           43 	
     1728	           39 	
     1729	           35 	
     1730	           34 	
     1731	           25 	
     1732	           56 	
     1733	           30 	
     1734	           45 	
     1735	           36 	
     1736	           35 	
     1737	           29 	
     1738	           34 	
     1739	           42 	
     1740	           33 	
     1741	           48 	
     1742	           25 	
     1743	           50 	
     1744	           40 	
     1745	           29 	
     1746	           29 	
     1747	           42 	
     1748	           49 	
     1749	           48 	
     1750	           34 	
     1751	           43 	
     1752	           42 	
     1753	           49 	
     1754	           50 	
     1755	           50 	
     1756	           35 	
     1757	           34 	
     1758	           52 	
     1759	           38 	
     1760	           38 	
     1761	           37 	
     1762	           40 	
     1763	           41 	
     1764	           30 	
     1765	           39 	
     1766	           45 	
     1767	           38 	
     1768	           44 	
     1769	           42 	
     1770	           36 	
     1771	           36 	
     1772	           33 	
     1773	           29 	
     1774	           27 	
     1775	           39 	
     1776	           32 	
     1777	           40 	
     1778	           44 	
     1779	           33 	
     1780	           31 	
     1781	           38 	
     1782	           32 	
     1783	           35 	
     1784	           38 	
     1785	           43 	
     1786	           36 	
     1787	           36 	
     1788	           56 	
     1789	           38 	
     1790	           43 	
     1791	           38 	
     1792	           57 	
     1793	           44 	
     1794	           49 	
     1795	           43 	
     1796	           41 	
     1797	           31 	
     1798	           34 	
     1799	           37 	
     1800	           33 	
     1801	           35 	
     1802	           34 	
     1803	           42 	
     1804	           46 	
     1805	           42 	
     1806	           44 	
     1807	           48 	
     1808	           46 	
     1809	           37 	
     1810	           30 	
     1811	           36 	
     1812	           33 	
     1813	           41 	
     1814	           27 	
     1815	           37 	
     1816	           40 	
     1817	           43 	
     1818	           32 	
     1819	           50 	
     1820	           45 	
     1821	           36 	
     1822	           33 	
     1823	           48 	
     1824	           33 	
     1825	           44 	
     1826	           35 	
     1827	           44 	
     1828	           41 	
     1829	           38 	
     1830	           36 	
     1831	           43 	
     1832	           44 	
     1833	           33 	
     1834	           37 	
     1835	           34 	
     1836	           48 	
     1837	           32 	
     1838	           30 	
     1839	           43 	
     1840	           48 	
     1841	           35 	
     1842	           39 	
     1843	           40 	
     1844	           39 	
     1845	           44 	
     1846	           34 	
     1847	           31 	
     1848	           38 	
     1849	           36 	
     1850	           46 	
     1851	           40 	
     1852	           38 	
     1853	           41 	
     1854	           31 	
     1855	           45 	
     1856	           44 	
     1857	           40 	
     1858	           46 	
     1859	           51 	
     1860	           36 	
     1861	           31 	
     1862	           37 	
     1863	           47 	
     1864	           37 	
     1865	           38 	
     1866	           42 	
     1867	           40 	
     1868	           55 	
     1869	           40 	
     1870	           39 	
     1871	           45 	
     1872	           43 	
     1873	           45 	
     1874	           55 	
     1875	           45 	
     1876	           43 	
     1877	           58 	
     1878	           34 	
     1879	           33 	
     1880	           38 	
     1881	           45 	
     1882	           32 	
     1883	           39 	
     1884	           38 	
     1885	           56 	
     1886	           25 	
     1887	           46 	
     1888	           32 	
     1889	           47 	
     1890	           29 	
     1891	           42 	
     1892	           42 	
     1893	           37 	
     1894	           34 	
     1895	           35 	
     1896	           45 	
     1897	           32 	
     1898	           39 	
     1899	           36 	
     1900	           45 	
     1901	           35 	
     1902	           43 	
     1903	           55 	
     1904	           44 	
     1905	           27 	
     1906	           51 	
     1907	           59 	
     1908	           42 	
     1909	           34 	
     1910	           37 	
     1911	           52 	
     1912	           32 	
     1913	           40 	
     1914	           43 	
     1915	           52 	
     1916	           42 	
     1917	           30 	
     1918	           42 	
     1919	           45 	
     1920	           41 	
     1921	           41 	
     1922	           35 	
     1923	           41 	
     1924	           50 	
     1925	           37 	
     1926	           39 	
     1927	           42 	
     1928	           52 	
     1929	           48 	
     1930	           34 	
     1931	           46 	
     1932	           40 	
     1933	           39 	
     1934	           35 	
     1935	           39 	
     1936	           35 	
     1937	           41 	
     1938	           35 	
     1939	           38 	
     1940	           49 	
     1941	           41 	
     1942	           35 	
     1943	           44 	
     1944	           34 	
     1945	           41 	
     1946	           51 	
     1947	           28 	
     1948	           42 	
     1949	           49 	
     1950	           42 	
     1951	           45 	
     1952	           38 	
     1953	           41 	
     1954	           35 	
     1955	           33 	
     1956	           52 	
     1957	           36 	
     1958	           44 	
     1959	           36 	
     1960	           39 	
     1961	           53 	
     1962	           38 	
     1963	           40 	
     1964	           38 	
     1965	           40 	
     1966	           40 	
     1967	           37 	
     1968	           35 	
     1969	           50 	
     1970	           36 	
     1971	           46 	
     1972	           41 	
     1973	           38 	
     1974	           34 	
     1975	           31 	
     1976	           44 	
     1977	           45 	
     1978	           34 	
     1979	           29 	
     1980	           41 	
     1981	           33 	
     1982	           43 	
     1983	           35 	
     1984	           30 	
     1985	           47 	
     1986	           36 	
     1987	           42 	
     1988	           36 	
     1989	           60 	
     1990	           33 	
     1991	           38 	
     1992	           47 	
     1993	           38 	
     1994	           46 	
     1995	           31 	
     1996	           40 	
     1997	           37 	
     1998	           29 	
     1999	           49 	
     2000	           43 	
