Thorlabs Single Photon Counter Data Export

Date (YYYY-MM-DD):	2025-09-12
Time (HH:MM:SS):	23:35:53
Device Name:	SPCM50A
Serial Number:	M00296614
GUI Revision:	1.0 Build 23
Driver Revision:	1.1.0
Firmware Revision:	1.0.0

Application settings:
Operating Mode:	Free Running Timed Counter
Bin Length [ms]:	1
Time between Bins [ms]:	0.001
Pulse Blind Time [ns]:	0
Trigger Edge:	non-applicable
Array Measurement:	Yes
Array Measurement Continuously:	No
Bins per Array:	2000
Active APD Gating:	No
Fan Off:	No

Bin Number 	Counts per Bin 	Remarks
        1	           23 	
        2	           29 	
        3	           27 	
        4	           19 	
        5	           25 	
        6	           18 	
        7	           42 	
        8	           23 	
        9	           26 	
       10	           25 	
       11	           36 	
       12	           35 	
       13	           25 	
       14	           25 	
       15	           25 	
       16	           29 	
       17	           29 	
       18	           22 	
       19	           18 	
       20	           21 	
       21	           25 	
       22	           28 	
       23	           25 	
       24	           13 	
       25	           20 	
       26	           16 	
       27	           19 	
       28	           22 	
       29	           28 	
       30	           18 	
       31	           25 	
       32	           20 	
       33	           14 	
       34	           20 	
       35	           18 	
       36	           26 	
       37	           27 	
       38	           25 	
       39	           18 	
       40	           20 	
       41	           17 	
       42	           21 	
       43	           24 	
       44	           16 	
       45	           21 	
       46	           23 	
       47	           26 	
       48	           28 	
       49	           30 	
       50	           25 	
       51	           24 	
       52	           23 	
       53	           23 	
       54	           21 	
       55	           28 	
       56	           23 	
       57	           20 	
       58	           28 	
       59	           18 	
       60	           27 	
       61	           30 	
       62	           22 	
       63	           23 	
       64	           23 	
       65	           17 	
       66	           24 	
       67	           28 	
       68	           23 	
       69	           16 	
       70	           18 	
       71	           18 	
       72	           22 	
       73	           25 	
       74	           27 	
       75	           20 	
       76	           25 	
       77	           19 	
       78	           17 	
       79	           15 	
       80	           25 	
       81	           22 	
       82	           22 	
       83	           27 	
       84	           31 	
       85	           26 	
       86	           17 	
       87	           26 	
       88	           26 	
       89	           35 	
       90	           20 	
       91	           21 	
       92	           32 	
       93	           19 	
       94	           22 	
       95	           29 	
       96	           19 	
       97	           31 	
       98	           17 	
       99	           24 	
      100	           24 	
      101	           17 	
      102	           12 	
      103	           23 	
      104	           26 	
      105	           17 	
      106	           15 	
      107	           21 	
      108	           24 	
      109	           33 	
      110	           18 	
      111	           21 	
      112	           21 	
      113	           25 	
      114	           15 	
      115	           21 	
      116	           19 	
      117	           18 	
      118	           19 	
      119	           17 	
      120	           33 	
      121	           25 	
      122	           22 	
      123	           14 	
      124	           24 	
      125	           20 	
      126	           19 	
      127	           31 	
      128	           23 	
      129	           24 	
      130	           23 	
      131	           18 	
      132	           21 	
      133	           18 	
      134	           26 	
      135	           20 	
      136	           24 	
      137	           23 	
      138	           37 	
      139	           16 	
      140	           13 	
      141	           19 	
      142	           29 	
      143	           28 	
      144	           23 	
      145	           28 	
      146	           23 	
      147	           21 	
      148	           30 	
      149	           36 	
      150	           23 	
      151	           25 	
      152	           16 	
      153	           21 	
      154	           12 	
      155	           21 	
      156	           18 	
      157	           18 	
      158	           18 	
      159	           26 	
      160	           20 	
      161	           24 	
      162	           18 	
      163	           21 	
      164	           29 	
      165	           26 	
      166	           25 	
      167	           21 	
      168	           27 	
      169	           25 	
      170	           23 	
      171	           18 	
      172	           23 	
      173	           21 	
      174	           30 	
      175	           29 	
      176	           18 	
      177	           25 	
      178	           16 	
      179	           25 	
      180	           20 	
      181	           16 	
      182	           19 	
      183	           19 	
      184	           22 	
      185	           16 	
      186	           17 	
      187	           19 	
      188	           25 	
      189	           19 	
      190	           26 	
      191	           26 	
      192	           20 	
      193	           22 	
      194	           20 	
      195	           24 	
      196	           16 	
      197	           22 	
      198	           26 	
      199	           26 	
      200	           20 	
      201	           24 	
      202	            9 	
      203	           23 	
      204	           21 	
      205	           21 	
      206	           25 	
      207	           21 	
      208	           25 	
      209	           16 	
      210	           24 	
      211	           25 	
      212	           22 	
      213	           18 	
      214	           18 	
      215	           16 	
      216	           33 	
      217	           29 	
      218	           25 	
      219	           18 	
      220	           16 	
      221	           20 	
      222	           25 	
      223	           21 	
      224	           22 	
      225	           25 	
      226	           25 	
      227	           27 	
      228	           27 	
      229	           20 	
      230	           23 	
      231	           24 	
      232	           20 	
      233	           35 	
      234	           27 	
      235	           15 	
      236	           20 	
      237	           14 	
      238	           12 	
      239	           24 	
      240	           14 	
      241	           23 	
      242	           19 	
      243	           22 	
      244	           25 	
      245	           23 	
      246	           15 	
      247	           19 	
      248	           28 	
      249	           24 	
      250	           13 	
      251	           24 	
      252	           19 	
      253	           26 	
      254	           19 	
      255	           26 	
      256	           19 	
      257	           23 	
      258	           22 	
      259	           11 	
      260	           22 	
      261	           27 	
      262	           23 	
      263	           18 	
      264	           18 	
      265	           24 	
      266	           27 	
      267	           23 	
      268	           26 	
      269	           26 	
      270	            9 	
      271	           12 	
      272	           21 	
      273	           20 	
      274	           27 	
      275	           20 	
      276	           25 	
      277	           20 	
      278	           26 	
      279	           29 	
      280	           25 	
      281	           31 	
      282	           27 	
      283	           25 	
      284	           27 	
      285	           21 	
      286	           20 	
      287	           21 	
      288	           33 	
      289	           16 	
      290	           30 	
      291	           15 	
      292	           27 	
      293	           26 	
      294	           18 	
      295	           25 	
      296	           20 	
      297	           36 	
      298	           18 	
      299	           27 	
      300	           13 	
      301	           19 	
      302	           14 	
      303	           22 	
      304	           29 	
      305	           23 	
      306	           25 	
      307	           22 	
      308	           21 	
      309	           26 	
      310	           25 	
      311	           24 	
      312	           27 	
      313	           30 	
      314	           28 	
      315	           16 	
      316	           17 	
      317	           23 	
      318	           29 	
      319	           29 	
      320	           20 	
      321	           20 	
      322	           19 	
      323	           25 	
      324	           28 	
      325	           22 	
      326	           24 	
      327	           13 	
      328	           23 	
      329	           23 	
      330	           21 	
      331	           25 	
      332	           23 	
      333	           22 	
      334	           23 	
      335	           27 	
      336	           21 	
      337	           27 	
      338	           26 	
      339	           24 	
      340	           26 	
      341	           22 	
      342	           16 	
      343	           21 	
      344	           26 	
      345	           20 	
      346	           23 	
      347	           24 	
      348	           20 	
      349	           22 	
      350	           30 	
      351	           32 	
      352	           26 	
      353	           23 	
      354	           19 	
      355	           15 	
      356	           20 	
      357	           20 	
      358	           27 	
      359	           26 	
      360	           21 	
      361	           34 	
      362	           17 	
      363	           25 	
      364	           25 	
      365	           20 	
      366	           21 	
      367	           14 	
      368	           28 	
      369	           25 	
      370	           27 	
      371	           27 	
      372	           30 	
      373	           25 	
      374	           22 	
      375	           23 	
      376	           18 	
      377	           37 	
      378	           25 	
      379	           16 	
      380	           23 	
      381	           27 	
      382	           21 	
      383	           24 	
      384	           26 	
      385	           22 	
      386	           27 	
      387	           23 	
      388	           22 	
      389	           19 	
      390	           23 	
      391	           21 	
      392	           28 	
      393	           27 	
      394	           21 	
      395	           16 	
      396	           20 	
      397	           35 	
      398	           28 	
      399	           20 	
      400	           36 	
      401	           32 	
      402	           21 	
      403	           21 	
      404	           26 	
      405	           24 	
      406	           18 	
      407	           32 	
      408	           16 	
      409	           22 	
      410	           18 	
      411	           31 	
      412	           23 	
      413	           20 	
      414	           25 	
      415	           20 	
      416	           23 	
      417	           22 	
      418	           24 	
      419	           26 	
      420	           26 	
      421	           18 	
      422	           29 	
      423	           23 	
      424	           28 	
      425	           24 	
      426	           28 	
      427	           20 	
      428	           25 	
      429	           15 	
      430	           28 	
      431	           27 	
      432	           23 	
      433	           19 	
      434	           25 	
      435	           15 	
      436	           26 	
      437	           22 	
      438	           26 	
      439	           29 	
      440	           19 	
      441	           26 	
      442	           25 	
      443	           26 	
      444	           36 	
      445	           22 	
      446	           27 	
      447	           21 	
      448	           31 	
      449	           25 	
      450	           25 	
      451	           21 	
      452	           21 	
      453	           26 	
      454	           16 	
      455	           21 	
      456	           23 	
      457	           25 	
      458	           22 	
      459	           14 	
      460	           22 	
      461	           21 	
      462	           21 	
      463	            7 	
      464	           14 	
      465	           25 	
      466	           19 	
      467	           22 	
      468	           28 	
      469	           22 	
      470	           15 	
      471	           28 	
      472	           21 	
      473	           21 	
      474	           23 	
      475	           22 	
      476	           31 	
      477	           22 	
      478	           15 	
      479	           25 	
      480	           20 	
      481	           14 	
      482	           30 	
      483	           29 	
      484	           21 	
      485	           31 	
      486	           22 	
      487	           20 	
      488	           18 	
      489	           25 	
      490	           20 	
      491	           31 	
      492	           30 	
      493	           18 	
      494	           25 	
      495	           21 	
      496	           26 	
      497	           20 	
      498	           32 	
      499	           23 	
      500	           29 	
      501	           23 	
      502	           21 	
      503	           21 	
      504	           17 	
      505	           28 	
      506	           17 	
      507	           15 	
      508	           17 	
      509	           35 	
      510	           18 	
      511	           21 	
      512	           36 	
      513	           30 	
      514	           33 	
      515	           21 	
      516	           17 	
      517	           22 	
      518	           28 	
      519	           17 	
      520	           25 	
      521	           26 	
      522	           27 	
      523	           23 	
      524	           16 	
      525	           20 	
      526	           19 	
      527	           26 	
      528	           17 	
      529	           27 	
      530	           22 	
      531	           21 	
      532	           30 	
      533	           27 	
      534	           17 	
      535	           20 	
      536	           15 	
      537	           23 	
      538	           21 	
      539	           18 	
      540	           20 	
      541	           23 	
      542	           26 	
      543	           23 	
      544	           16 	
      545	           18 	
      546	           20 	
      547	           22 	
      548	           24 	
      549	           19 	
      550	           21 	
      551	           22 	
      552	           21 	
      553	           25 	
      554	           17 	
      555	           22 	
      556	           23 	
      557	           20 	
      558	           26 	
      559	           24 	
      560	           28 	
      561	           21 	
      562	           18 	
      563	           25 	
      564	           23 	
      565	           24 	
      566	           21 	
      567	           22 	
      568	           26 	
      569	           30 	
      570	           28 	
      571	           29 	
      572	           18 	
      573	           23 	
      574	           28 	
      575	           14 	
      576	           17 	
      577	           28 	
      578	           28 	
      579	           18 	
      580	           21 	
      581	           22 	
      582	           20 	
      583	           24 	
      584	           24 	
      585	           35 	
      586	           22 	
      587	           20 	
      588	           22 	
      589	           26 	
      590	           25 	
      591	           30 	
      592	           23 	
      593	           26 	
      594	           19 	
      595	           24 	
      596	           20 	
      597	           16 	
      598	           21 	
      599	           30 	
      600	           18 	
      601	           25 	
      602	           24 	
      603	           19 	
      604	           20 	
      605	           16 	
      606	           29 	
      607	           13 	
      608	           23 	
      609	           20 	
      610	           16 	
      611	           27 	
      612	           36 	
      613	           18 	
      614	           14 	
      615	           24 	
      616	           18 	
      617	           22 	
      618	           23 	
      619	           27 	
      620	           30 	
      621	           28 	
      622	           28 	
      623	           15 	
      624	           31 	
      625	           25 	
      626	           23 	
      627	           15 	
      628	           28 	
      629	           23 	
      630	           19 	
      631	           18 	
      632	           20 	
      633	           18 	
      634	           20 	
      635	           15 	
      636	           22 	
      637	           18 	
      638	           23 	
      639	           27 	
      640	           25 	
      641	           30 	
      642	           18 	
      643	           27 	
      644	           18 	
      645	           23 	
      646	           30 	
      647	           28 	
      648	           17 	
      649	           23 	
      650	           29 	
      651	           22 	
      652	           21 	
      653	           17 	
      654	           20 	
      655	           28 	
      656	           21 	
      657	           22 	
      658	           20 	
      659	           19 	
      660	           25 	
      661	           17 	
      662	           24 	
      663	           22 	
      664	           27 	
      665	           22 	
      666	           22 	
      667	           37 	
      668	           22 	
      669	           15 	
      670	           19 	
      671	           23 	
      672	           15 	
      673	           20 	
      674	           26 	
      675	           32 	
      676	           38 	
      677	           26 	
      678	           20 	
      679	           16 	
      680	           18 	
      681	           27 	
      682	           22 	
      683	           17 	
      684	           19 	
      685	           19 	
      686	           24 	
      687	           24 	
      688	           25 	
      689	           24 	
      690	           24 	
      691	           23 	
      692	           23 	
      693	           26 	
      694	           24 	
      695	           25 	
      696	           27 	
      697	           20 	
      698	           21 	
      699	           21 	
      700	           28 	
      701	           24 	
      702	           25 	
      703	           23 	
      704	           20 	
      705	           23 	
      706	           27 	
      707	           26 	
      708	           15 	
      709	           18 	
      710	           24 	
      711	           26 	
      712	           22 	
      713	           26 	
      714	           20 	
      715	           24 	
      716	           28 	
      717	           23 	
      718	           29 	
      719	           24 	
      720	           16 	
      721	           32 	
      722	           22 	
      723	           24 	
      724	           18 	
      725	           25 	
      726	           23 	
      727	           29 	
      728	           21 	
      729	           11 	
      730	           29 	
      731	           24 	
      732	           19 	
      733	           28 	
      734	           25 	
      735	           24 	
      736	           21 	
      737	           20 	
      738	           25 	
      739	           24 	
      740	           21 	
      741	           21 	
      742	           28 	
      743	           25 	
      744	           19 	
      745	           30 	
      746	           26 	
      747	           23 	
      748	           23 	
      749	           24 	
      750	           17 	
      751	           18 	
      752	           21 	
      753	           25 	
      754	           22 	
      755	           31 	
      756	           20 	
      757	           15 	
      758	           27 	
      759	           17 	
      760	           25 	
      761	           22 	
      762	           21 	
      763	           17 	
      764	           22 	
      765	           20 	
      766	           25 	
      767	           19 	
      768	           34 	
      769	           29 	
      770	           17 	
      771	           22 	
      772	           23 	
      773	           25 	
      774	           23 	
      775	           25 	
      776	           24 	
      777	           21 	
      778	           18 	
      779	           19 	
      780	           20 	
      781	           27 	
      782	           28 	
      783	           25 	
      784	           18 	
      785	           20 	
      786	           17 	
      787	           27 	
      788	           18 	
      789	           27 	
      790	           25 	
      791	           23 	
      792	           24 	
      793	           21 	
      794	           18 	
      795	           24 	
      796	           21 	
      797	           24 	
      798	           23 	
      799	           21 	
      800	           30 	
      801	           28 	
      802	           28 	
      803	           16 	
      804	           20 	
      805	           25 	
      806	           16 	
      807	           23 	
      808	           29 	
      809	           26 	
      810	           25 	
      811	           21 	
      812	           25 	
      813	           19 	
      814	           28 	
      815	           24 	
      816	           23 	
      817	           26 	
      818	           23 	
      819	           28 	
      820	           27 	
      821	           23 	
      822	           27 	
      823	           19 	
      824	           21 	
      825	           27 	
      826	           24 	
      827	           19 	
      828	           24 	
      829	           20 	
      830	           14 	
      831	           23 	
      832	           28 	
      833	           21 	
      834	           26 	
      835	           31 	
      836	           23 	
      837	           24 	
      838	           17 	
      839	           29 	
      840	           26 	
      841	           27 	
      842	           22 	
      843	           28 	
      844	           17 	
      845	           31 	
      846	           21 	
      847	           25 	
      848	           20 	
      849	           21 	
      850	           26 	
      851	           30 	
      852	           21 	
      853	           37 	
      854	           24 	
      855	           18 	
      856	           36 	
      857	           20 	
      858	           23 	
      859	           23 	
      860	           21 	
      861	           24 	
      862	           30 	
      863	           23 	
      864	           27 	
      865	           25 	
      866	           23 	
      867	           22 	
      868	           22 	
      869	           15 	
      870	           32 	
      871	           21 	
      872	           21 	
      873	           20 	
      874	           32 	
      875	           24 	
      876	           21 	
      877	           27 	
      878	           29 	
      879	           22 	
      880	           30 	
      881	           25 	
      882	           19 	
      883	           23 	
      884	           23 	
      885	           23 	
      886	           21 	
      887	           26 	
      888	           22 	
      889	           25 	
      890	           21 	
      891	           25 	
      892	           21 	
      893	           19 	
      894	           22 	
      895	           28 	
      896	           22 	
      897	           24 	
      898	           18 	
      899	           22 	
      900	           20 	
      901	           20 	
      902	           24 	
      903	           25 	
      904	           15 	
      905	           20 	
      906	           27 	
      907	           21 	
      908	           32 	
      909	           21 	
      910	           19 	
      911	           21 	
      912	           21 	
      913	           24 	
      914	           26 	
      915	           21 	
      916	           19 	
      917	           16 	
      918	           22 	
      919	           22 	
      920	           17 	
      921	           28 	
      922	           25 	
      923	           26 	
      924	           24 	
      925	           22 	
      926	           20 	
      927	           16 	
      928	           25 	
      929	           23 	
      930	           13 	
      931	           16 	
      932	           30 	
      933	           15 	
      934	           29 	
      935	           11 	
      936	           16 	
      937	           17 	
      938	           24 	
      939	           41 	
      940	           16 	
      941	           20 	
      942	           28 	
      943	           29 	
      944	           29 	
      945	           22 	
      946	           26 	
      947	           26 	
      948	           29 	
      949	           19 	
      950	           20 	
      951	           27 	
      952	           18 	
      953	           31 	
      954	           27 	
      955	           29 	
      956	           31 	
      957	           21 	
      958	           26 	
      959	           22 	
      960	           21 	
      961	           27 	
      962	           23 	
      963	           14 	
      964	           23 	
      965	           26 	
      966	           27 	
      967	           23 	
      968	           21 	
      969	           22 	
      970	           16 	
      971	           23 	
      972	           26 	
      973	           31 	
      974	           26 	
      975	           28 	
      976	           24 	
      977	           25 	
      978	           26 	
      979	           27 	
      980	           20 	
      981	           25 	
      982	           35 	
      983	           23 	
      984	           36 	
      985	           25 	
      986	           14 	
      987	           22 	
      988	           26 	
      989	           24 	
      990	           31 	
      991	           24 	
      992	           31 	
      993	           21 	
      994	           26 	
      995	           41 	
      996	           20 	
      997	           21 	
      998	           21 	
      999	           20 	
     1000	           19 	
     1001	           25 	
     1002	           20 	
     1003	           23 	
     1004	           28 	
     1005	           27 	
     1006	           13 	
     1007	           28 	
     1008	           14 	
     1009	           26 	
     1010	           31 	
     1011	           27 	
     1012	           23 	
     1013	           17 	
     1014	           19 	
     1015	           25 	
     1016	           26 	
     1017	           23 	
     1018	           22 	
     1019	           21 	
     1020	           23 	
     1021	           15 	
     1022	           29 	
     1023	           24 	
     1024	           19 	
     1025	           23 	
     1026	           28 	
     1027	           19 	
     1028	           14 	
     1029	           18 	
     1030	           29 	
     1031	           32 	
     1032	           24 	
     1033	           24 	
     1034	           23 	
     1035	           20 	
     1036	           28 	
     1037	           16 	
     1038	           27 	
     1039	           23 	
     1040	           22 	
     1041	           12 	
     1042	           23 	
     1043	           27 	
     1044	           25 	
     1045	           27 	
     1046	           29 	
     1047	           21 	
     1048	           15 	
     1049	           29 	
     1050	           19 	
     1051	           24 	
     1052	           19 	
     1053	           23 	
     1054	           25 	
     1055	           19 	
     1056	           32 	
     1057	           24 	
     1058	           20 	
     1059	           22 	
     1060	           23 	
     1061	           27 	
     1062	           22 	
     1063	           21 	
     1064	           29 	
     1065	           19 	
     1066	           22 	
     1067	           25 	
     1068	           31 	
     1069	           29 	
     1070	           28 	
     1071	           18 	
     1072	           23 	
     1073	           26 	
     1074	           12 	
     1075	           18 	
     1076	           24 	
     1077	           26 	
     1078	           34 	
     1079	           15 	
     1080	           25 	
     1081	           21 	
     1082	           27 	
     1083	           18 	
     1084	           23 	
     1085	           32 	
     1086	           28 	
     1087	           22 	
     1088	           26 	
     1089	           28 	
     1090	           23 	
     1091	           29 	
     1092	           19 	
     1093	           29 	
     1094	           24 	
     1095	           16 	
     1096	           16 	
     1097	           26 	
     1098	           29 	
     1099	           26 	
     1100	           26 	
     1101	           23 	
     1102	           30 	
     1103	           25 	
     1104	           22 	
     1105	           20 	
     1106	           32 	
     1107	           24 	
     1108	           26 	
     1109	           23 	
     1110	           17 	
     1111	           26 	
     1112	           27 	
     1113	           34 	
     1114	           27 	
     1115	           19 	
     1116	           26 	
     1117	           16 	
     1118	           25 	
     1119	           33 	
     1120	           32 	
     1121	           24 	
     1122	           27 	
     1123	           27 	
     1124	           18 	
     1125	           28 	
     1126	           20 	
     1127	           17 	
     1128	           29 	
     1129	           21 	
     1130	           16 	
     1131	           38 	
     1132	           27 	
     1133	           26 	
     1134	           24 	
     1135	           27 	
     1136	           28 	
     1137	           19 	
     1138	           22 	
     1139	           30 	
     1140	           24 	
     1141	           13 	
     1142	           20 	
     1143	           16 	
     1144	           19 	
     1145	           23 	
     1146	           28 	
     1147	           18 	
     1148	           18 	
     1149	           22 	
     1150	           30 	
     1151	           30 	
     1152	           21 	
     1153	           20 	
     1154	           21 	
     1155	           32 	
     1156	           26 	
     1157	           21 	
     1158	           26 	
     1159	           24 	
     1160	           17 	
     1161	           27 	
     1162	           24 	
     1163	           18 	
     1164	           19 	
     1165	           25 	
     1166	           32 	
     1167	           20 	
     1168	           21 	
     1169	           22 	
     1170	           25 	
     1171	           27 	
     1172	           26 	
     1173	           21 	
     1174	           29 	
     1175	           24 	
     1176	            9 	
     1177	           26 	
     1178	           30 	
     1179	           23 	
     1180	           22 	
     1181	           20 	
     1182	           24 	
     1183	           21 	
     1184	           26 	
     1185	           29 	
     1186	           25 	
     1187	           24 	
     1188	           16 	
     1189	           27 	
     1190	           17 	
     1191	           17 	
     1192	           22 	
     1193	           16 	
     1194	           29 	
     1195	           23 	
     1196	           21 	
     1197	           16 	
     1198	           26 	
     1199	           22 	
     1200	           23 	
     1201	           23 	
     1202	           25 	
     1203	           22 	
     1204	           24 	
     1205	           27 	
     1206	           32 	
     1207	           12 	
     1208	           19 	
     1209	           18 	
     1210	           27 	
     1211	           22 	
     1212	           27 	
     1213	           13 	
     1214	           23 	
     1215	           20 	
     1216	           18 	
     1217	           27 	
     1218	           21 	
     1219	           21 	
     1220	           28 	
     1221	           27 	
     1222	           25 	
     1223	           19 	
     1224	           25 	
     1225	           24 	
     1226	           25 	
     1227	           22 	
     1228	           25 	
     1229	           26 	
     1230	           25 	
     1231	           26 	
     1232	           32 	
     1233	           18 	
     1234	           20 	
     1235	           15 	
     1236	           17 	
     1237	           26 	
     1238	           20 	
     1239	           15 	
     1240	           22 	
     1241	           22 	
     1242	           20 	
     1243	           33 	
     1244	           19 	
     1245	           29 	
     1246	           15 	
     1247	           20 	
     1248	           33 	
     1249	           22 	
     1250	           30 	
     1251	           12 	
     1252	           28 	
     1253	           25 	
     1254	           21 	
     1255	           25 	
     1256	           30 	
     1257	           24 	
     1258	           30 	
     1259	           17 	
     1260	           27 	
     1261	           24 	
     1262	           23 	
     1263	           28 	
     1264	           18 	
     1265	           20 	
     1266	           33 	
     1267	           25 	
     1268	           17 	
     1269	           22 	
     1270	           37 	
     1271	           23 	
     1272	           23 	
     1273	           26 	
     1274	           21 	
     1275	           34 	
     1276	           19 	
     1277	           29 	
     1278	           37 	
     1279	           24 	
     1280	           19 	
     1281	           24 	
     1282	           22 	
     1283	           24 	
     1284	           28 	
     1285	           21 	
     1286	           32 	
     1287	           13 	
     1288	           20 	
     1289	           24 	
     1290	           18 	
     1291	           20 	
     1292	           26 	
     1293	           27 	
     1294	           17 	
     1295	           20 	
     1296	           24 	
     1297	           27 	
     1298	           24 	
     1299	           20 	
     1300	           27 	
     1301	           27 	
     1302	           23 	
     1303	           28 	
     1304	           24 	
     1305	           19 	
     1306	           20 	
     1307	           22 	
     1308	           24 	
     1309	           28 	
     1310	           20 	
     1311	           26 	
     1312	           22 	
     1313	           22 	
     1314	           29 	
     1315	           27 	
     1316	           28 	
     1317	           23 	
     1318	           16 	
     1319	           20 	
     1320	           24 	
     1321	           23 	
     1322	           25 	
     1323	           22 	
     1324	           21 	
     1325	           24 	
     1326	           25 	
     1327	           26 	
     1328	           20 	
     1329	           29 	
     1330	           40 	
     1331	           11 	
     1332	           29 	
     1333	           24 	
     1334	           27 	
     1335	           34 	
     1336	           22 	
     1337	           32 	
     1338	            8 	
     1339	           23 	
     1340	           29 	
     1341	           21 	
     1342	           29 	
     1343	           20 	
     1344	           28 	
     1345	           20 	
     1346	           31 	
     1347	           27 	
     1348	           20 	
     1349	           25 	
     1350	           26 	
     1351	           22 	
     1352	           19 	
     1353	           23 	
     1354	           21 	
     1355	           22 	
     1356	           22 	
     1357	           21 	
     1358	           29 	
     1359	           25 	
     1360	           18 	
     1361	           25 	
     1362	           26 	
     1363	           29 	
     1364	           28 	
     1365	           22 	
     1366	           26 	
     1367	           18 	
     1368	           23 	
     1369	           23 	
     1370	           20 	
     1371	           28 	
     1372	           21 	
     1373	           27 	
     1374	           22 	
     1375	           21 	
     1376	           27 	
     1377	           20 	
     1378	           19 	
     1379	           20 	
     1380	           15 	
     1381	           24 	
     1382	           16 	
     1383	           33 	
     1384	           28 	
     1385	           25 	
     1386	           29 	
     1387	           21 	
     1388	           31 	
     1389	           19 	
     1390	           26 	
     1391	           26 	
     1392	           21 	
     1393	           23 	
     1394	           15 	
     1395	           14 	
     1396	           18 	
     1397	           26 	
     1398	           28 	
     1399	           23 	
     1400	           28 	
     1401	           27 	
     1402	           26 	
     1403	           25 	
     1404	           17 	
     1405	           27 	
     1406	           27 	
     1407	           21 	
     1408	           23 	
     1409	           16 	
     1410	           26 	
     1411	           22 	
     1412	           18 	
     1413	           25 	
     1414	           22 	
     1415	           29 	
     1416	           32 	
     1417	           23 	
     1418	           16 	
     1419	           34 	
     1420	           29 	
     1421	           27 	
     1422	           33 	
     1423	           25 	
     1424	           28 	
     1425	           34 	
     1426	           16 	
     1427	           22 	
     1428	           22 	
     1429	           16 	
     1430	           16 	
     1431	           22 	
     1432	           21 	
     1433	           18 	
     1434	           17 	
     1435	           28 	
     1436	           19 	
     1437	           22 	
     1438	           22 	
     1439	           29 	
     1440	           29 	
     1441	           18 	
     1442	           15 	
     1443	           13 	
     1444	           25 	
     1445	           25 	
     1446	           23 	
     1447	           15 	
     1448	           16 	
     1449	           19 	
     1450	           27 	
     1451	           17 	
     1452	           22 	
     1453	           24 	
     1454	           25 	
     1455	           30 	
     1456	           20 	
     1457	           27 	
     1458	           25 	
     1459	           25 	
     1460	           16 	
     1461	           24 	
     1462	           17 	
     1463	           29 	
     1464	           24 	
     1465	           33 	
     1466	           20 	
     1467	           38 	
     1468	           24 	
     1469	           33 	
     1470	           28 	
     1471	           37 	
     1472	           19 	
     1473	           24 	
     1474	           19 	
     1475	           26 	
     1476	           21 	
     1477	           25 	
     1478	           22 	
     1479	           26 	
     1480	           26 	
     1481	           30 	
     1482	           19 	
     1483	           19 	
     1484	           28 	
     1485	           15 	
     1486	           23 	
     1487	           22 	
     1488	           19 	
     1489	           23 	
     1490	           28 	
     1491	           22 	
     1492	           26 	
     1493	           18 	
     1494	           23 	
     1495	           30 	
     1496	           19 	
     1497	           15 	
     1498	           25 	
     1499	           16 	
     1500	           25 	
     1501	           29 	
     1502	           20 	
     1503	           18 	
     1504	           24 	
     1505	           17 	
     1506	           26 	
     1507	           34 	
     1508	           21 	
     1509	           19 	
     1510	           16 	
     1511	           11 	
     1512	           20 	
     1513	           24 	
     1514	           20 	
     1515	           23 	
     1516	           17 	
     1517	           25 	
     1518	           24 	
     1519	           31 	
     1520	           25 	
     1521	           28 	
     1522	           20 	
     1523	           19 	
     1524	           21 	
     1525	           29 	
     1526	           17 	
     1527	           19 	
     1528	           16 	
     1529	           23 	
     1530	           27 	
     1531	           23 	
     1532	           20 	
     1533	           24 	
     1534	           29 	
     1535	           22 	
     1536	           17 	
     1537	           20 	
     1538	           23 	
     1539	           20 	
     1540	           17 	
     1541	           29 	
     1542	           21 	
     1543	           20 	
     1544	           23 	
     1545	           23 	
     1546	           28 	
     1547	           29 	
     1548	           37 	
     1549	           19 	
     1550	           26 	
     1551	           30 	
     1552	           18 	
     1553	           16 	
     1554	           23 	
     1555	           17 	
     1556	           28 	
     1557	           22 	
     1558	           29 	
     1559	           31 	
     1560	           14 	
     1561	           19 	
     1562	           19 	
     1563	           19 	
     1564	           22 	
     1565	           24 	
     1566	           27 	
     1567	           15 	
     1568	           21 	
     1569	           26 	
     1570	           27 	
     1571	           27 	
     1572	           25 	
     1573	           38 	
     1574	           25 	
     1575	           22 	
     1576	           13 	
     1577	           19 	
     1578	           29 	
     1579	           21 	
     1580	           17 	
     1581	           28 	
     1582	           21 	
     1583	           34 	
     1584	           19 	
     1585	           28 	
     1586	           22 	
     1587	           25 	
     1588	           32 	
     1589	           19 	
     1590	           27 	
     1591	           34 	
     1592	           24 	
     1593	           33 	
     1594	           31 	
     1595	           31 	
     1596	           25 	
     1597	           26 	
     1598	           21 	
     1599	           25 	
     1600	           22 	
     1601	           19 	
     1602	           34 	
     1603	           22 	
     1604	           24 	
     1605	           25 	
     1606	           21 	
     1607	           22 	
     1608	           21 	
     1609	           16 	
     1610	           28 	
     1611	           22 	
     1612	           21 	
     1613	           29 	
     1614	           18 	
     1615	           30 	
     1616	           19 	
     1617	           25 	
     1618	           18 	
     1619	           16 	
     1620	           16 	
     1621	           18 	
     1622	           29 	
     1623	           22 	
     1624	           19 	
     1625	           27 	
     1626	           28 	
     1627	           29 	
     1628	           18 	
     1629	           23 	
     1630	           17 	
     1631	           22 	
     1632	           18 	
     1633	           26 	
     1634	           19 	
     1635	           18 	
     1636	           20 	
     1637	           29 	
     1638	           24 	
     1639	           24 	
     1640	           31 	
     1641	           24 	
     1642	           20 	
     1643	           19 	
     1644	           29 	
     1645	           19 	
     1646	           30 	
     1647	           18 	
     1648	           32 	
     1649	           20 	
     1650	           32 	
     1651	           22 	
     1652	           29 	
     1653	           33 	
     1654	           17 	
     1655	           22 	
     1656	           37 	
     1657	           18 	
     1658	           25 	
     1659	           23 	
     1660	           30 	
     1661	           27 	
     1662	           17 	
     1663	           23 	
     1664	           20 	
     1665	           18 	
     1666	           21 	
     1667	           15 	
     1668	           22 	
     1669	           24 	
     1670	           16 	
     1671	           13 	
     1672	           19 	
     1673	           23 	
     1674	           22 	
     1675	           18 	
     1676	           23 	
     1677	           16 	
     1678	           21 	
     1679	           16 	
     1680	           23 	
     1681	           13 	
     1682	           21 	
     1683	           17 	
     1684	           25 	
     1685	           23 	
     1686	           22 	
     1687	           25 	
     1688	           19 	
     1689	           16 	
     1690	           14 	
     1691	           18 	
     1692	           30 	
     1693	           25 	
     1694	           33 	
     1695	           22 	
     1696	           23 	
     1697	           18 	
     1698	           20 	
     1699	           14 	
     1700	           19 	
     1701	           28 	
     1702	           18 	
     1703	            9 	
     1704	           25 	
     1705	           18 	
     1706	           28 	
     1707	           25 	
     1708	           15 	
     1709	           20 	
     1710	           21 	
     1711	           20 	
     1712	           22 	
     1713	           21 	
     1714	           21 	
     1715	           29 	
     1716	           32 	
     1717	           20 	
     1718	           22 	
     1719	           32 	
     1720	           13 	
     1721	           19 	
     1722	           18 	
     1723	           19 	
     1724	           33 	
     1725	           37 	
     1726	           24 	
     1727	           30 	
     1728	           17 	
     1729	           23 	
     1730	           22 	
     1731	           21 	
     1732	           25 	
     1733	            9 	
     1734	           20 	
     1735	           22 	
     1736	           17 	
     1737	           19 	
     1738	           19 	
     1739	           27 	
     1740	           19 	
     1741	           23 	
     1742	           26 	
     1743	           12 	
     1744	           21 	
     1745	           31 	
     1746	           18 	
     1747	           20 	
     1748	           34 	
     1749	           23 	
     1750	           24 	
     1751	           22 	
     1752	           14 	
     1753	           21 	
     1754	           17 	
     1755	           32 	
     1756	           23 	
     1757	           27 	
     1758	           19 	
     1759	           22 	
     1760	           24 	
     1761	           30 	
     1762	           25 	
     1763	           20 	
     1764	           28 	
     1765	           28 	
     1766	           23 	
     1767	           23 	
     1768	           20 	
     1769	           24 	
     1770	           21 	
     1771	           34 	
     1772	           21 	
     1773	           25 	
     1774	           23 	
     1775	           20 	
     1776	           13 	
     1777	           27 	
     1778	           29 	
     1779	           23 	
     1780	           19 	
     1781	           16 	
     1782	           25 	
     1783	           25 	
     1784	           17 	
     1785	           25 	
     1786	           19 	
     1787	           21 	
     1788	           24 	
     1789	           17 	
     1790	           28 	
     1791	           18 	
     1792	           34 	
     1793	           23 	
     1794	           27 	
     1795	           15 	
     1796	           23 	
     1797	           19 	
     1798	           20 	
     1799	           18 	
     1800	           28 	
     1801	           26 	
     1802	           28 	
     1803	           28 	
     1804	           21 	
     1805	           23 	
     1806	           25 	
     1807	           20 	
     1808	           18 	
     1809	           24 	
     1810	           29 	
     1811	           17 	
     1812	           20 	
     1813	           19 	
     1814	           21 	
     1815	           25 	
     1816	           15 	
     1817	           20 	
     1818	           23 	
     1819	           24 	
     1820	           17 	
     1821	           16 	
     1822	           22 	
     1823	           21 	
     1824	           29 	
     1825	           22 	
     1826	           18 	
     1827	           23 	
     1828	           25 	
     1829	           27 	
     1830	           21 	
     1831	           33 	
     1832	           21 	
     1833	           32 	
     1834	           24 	
     1835	           18 	
     1836	           23 	
     1837	           27 	
     1838	           24 	
     1839	           33 	
     1840	           37 	
     1841	           21 	
     1842	           22 	
     1843	           31 	
     1844	           23 	
     1845	           24 	
     1846	           26 	
     1847	           17 	
     1848	           18 	
     1849	           23 	
     1850	           21 	
     1851	           17 	
     1852	           22 	
     1853	           23 	
     1854	           26 	
     1855	           22 	
     1856	           18 	
     1857	           21 	
     1858	           29 	
     1859	           23 	
     1860	           24 	
     1861	           20 	
     1862	           21 	
     1863	           15 	
     1864	           33 	
     1865	           27 	
     1866	           32 	
     1867	           17 	
     1868	           25 	
     1869	           22 	
     1870	           25 	
     1871	           23 	
     1872	           22 	
     1873	           26 	
     1874	           24 	
     1875	           25 	
     1876	           17 	
     1877	           17 	
     1878	           21 	
     1879	           15 	
     1880	           28 	
     1881	           14 	
     1882	           23 	
     1883	           23 	
     1884	           19 	
     1885	           14 	
     1886	           18 	
     1887	           30 	
     1888	           21 	
     1889	           31 	
     1890	           29 	
     1891	           29 	
     1892	           26 	
     1893	           18 	
     1894	           30 	
     1895	           23 	
     1896	           21 	
     1897	           18 	
     1898	           23 	
     1899	           21 	
     1900	           24 	
     1901	           20 	
     1902	           16 	
     1903	           27 	
     1904	           20 	
     1905	           24 	
     1906	           26 	
     1907	           26 	
     1908	           25 	
     1909	           16 	
     1910	           25 	
     1911	           22 	
     1912	           21 	
     1913	           20 	
     1914	           32 	
     1915	           21 	
     1916	           32 	
     1917	            9 	
     1918	           12 	
     1919	           32 	
     1920	           18 	
     1921	           16 	
     1922	           31 	
     1923	           19 	
     1924	           27 	
     1925	           27 	
     1926	           22 	
     1927	           20 	
     1928	           30 	
     1929	           20 	
     1930	           28 	
     1931	           22 	
     1932	           22 	
     1933	           26 	
     1934	           26 	
     1935	           25 	
     1936	           19 	
     1937	           30 	
     1938	           21 	
     1939	           20 	
     1940	           31 	
     1941	           20 	
     1942	           27 	
     1943	           22 	
     1944	           26 	
     1945	           24 	
     1946	           21 	
     1947	           26 	
     1948	           16 	
     1949	           25 	
     1950	           27 	
     1951	           28 	
     1952	           25 	
     1953	           19 	
     1954	           28 	
     1955	           19 	
     1956	           26 	
     1957	           21 	
     1958	           26 	
     1959	           27 	
     1960	           29 	
     1961	           24 	
     1962	           17 	
     1963	           24 	
     1964	           30 	
     1965	           17 	
     1966	           30 	
     1967	           27 	
     1968	           25 	
     1969	           15 	
     1970	           19 	
     1971	           20 	
     1972	           22 	
     1973	           18 	
     1974	           21 	
     1975	           22 	
     1976	           20 	
     1977	           29 	
     1978	           17 	
     1979	           23 	
     1980	           21 	
     1981	           26 	
     1982	           14 	
     1983	           19 	
     1984	           31 	
     1985	           27 	
     1986	           21 	
     1987	           23 	
     1988	           29 	
     1989	           26 	
     1990	           28 	
     1991	           19 	
     1992	           31 	
     1993	           21 	
     1994	           27 	
     1995	           18 	
     1996	           20 	
     1997	           17 	
     1998	           25 	
     1999	           18 	
     2000	           21 	
