Thorlabs Single Photon Counter Data Export

Date (YYYY-MM-DD):	2025-09-12
Time (HH:MM:SS):	23:34:34
Device Name:	SPCM50A
Serial Number:	M00296614
GUI Revision:	1.0 Build 23
Driver Revision:	1.1.0
Firmware Revision:	1.0.0

Application settings:
Operating Mode:	Free Running Timed Counter
Bin Length [ms]:	1
Time between Bins [ms]:	0.001
Pulse Blind Time [ns]:	0
Trigger Edge:	non-applicable
Array Measurement:	Yes
Array Measurement Continuously:	No
Bins per Array:	2000
Active APD Gating:	No
Fan Off:	No

Bin Number 	Counts per Bin 	Remarks
        1	           28 	
        2	           22 	
        3	           24 	
        4	           21 	
        5	           27 	
        6	           28 	
        7	           22 	
        8	           26 	
        9	           34 	
       10	           25 	
       11	           25 	
       12	           22 	
       13	           21 	
       14	           23 	
       15	           28 	
       16	           24 	
       17	           21 	
       18	           27 	
       19	           24 	
       20	           26 	
       21	           21 	
       22	           28 	
       23	           22 	
       24	           23 	
       25	           24 	
       26	           21 	
       27	           28 	
       28	           26 	
       29	           24 	
       30	           30 	
       31	           19 	
       32	           26 	
       33	           22 	
       34	           19 	
       35	           28 	
       36	           18 	
       37	           27 	
       38	           28 	
       39	           25 	
       40	           37 	
       41	           19 	
       42	           30 	
       43	           16 	
       44	           22 	
       45	           26 	
       46	           23 	
       47	           23 	
       48	           30 	
       49	           24 	
       50	           25 	
       51	           29 	
       52	           20 	
       53	           23 	
       54	           29 	
       55	           23 	
       56	           23 	
       57	           22 	
       58	           25 	
       59	           25 	
       60	           22 	
       61	           18 	
       62	           26 	
       63	           27 	
       64	           23 	
       65	           28 	
       66	           22 	
       67	           23 	
       68	           22 	
       69	           34 	
       70	           17 	
       71	           35 	
       72	           26 	
       73	           22 	
       74	           28 	
       75	           23 	
       76	           24 	
       77	           29 	
       78	           18 	
       79	           28 	
       80	           24 	
       81	           14 	
       82	           32 	
       83	           26 	
       84	           21 	
       85	           17 	
       86	           24 	
       87	           21 	
       88	           16 	
       89	           22 	
       90	           21 	
       91	           21 	
       92	           20 	
       93	           27 	
       94	           22 	
       95	           27 	
       96	           20 	
       97	           24 	
       98	           33 	
       99	           31 	
      100	           23 	
      101	           20 	
      102	           23 	
      103	           29 	
      104	           26 	
      105	           18 	
      106	           22 	
      107	           32 	
      108	           24 	
      109	           28 	
      110	           25 	
      111	           29 	
      112	           22 	
      113	           25 	
      114	           21 	
      115	           22 	
      116	           26 	
      117	           22 	
      118	           22 	
      119	           27 	
      120	           23 	
      121	           17 	
      122	           28 	
      123	           25 	
      124	           22 	
      125	           32 	
      126	           22 	
      127	           23 	
      128	           31 	
      129	           20 	
      130	           25 	
      131	           15 	
      132	           26 	
      133	           18 	
      134	           17 	
      135	           14 	
      136	           30 	
      137	           25 	
      138	           22 	
      139	           29 	
      140	           30 	
      141	           17 	
      142	           30 	
      143	           17 	
      144	           19 	
      145	           23 	
      146	           28 	
      147	           29 	
      148	           18 	
      149	           20 	
      150	           17 	
      151	           21 	
      152	           32 	
      153	           24 	
      154	           25 	
      155	           16 	
      156	           34 	
      157	           22 	
      158	           21 	
      159	           31 	
      160	           19 	
      161	           19 	
      162	           21 	
      163	           32 	
      164	           21 	
      165	           17 	
      166	           23 	
      167	           28 	
      168	           22 	
      169	           16 	
      170	           24 	
      171	           19 	
      172	           24 	
      173	           34 	
      174	           19 	
      175	           27 	
      176	           25 	
      177	           29 	
      178	           16 	
      179	           21 	
      180	           32 	
      181	           30 	
      182	           16 	
      183	           22 	
      184	           23 	
      185	           21 	
      186	           30 	
      187	           19 	
      188	           25 	
      189	           12 	
      190	           22 	
      191	           21 	
      192	           33 	
      193	           20 	
      194	           27 	
      195	           26 	
      196	           27 	
      197	           35 	
      198	           29 	
      199	           20 	
      200	           25 	
      201	           19 	
      202	           20 	
      203	           21 	
      204	           28 	
      205	           24 	
      206	           16 	
      207	           32 	
      208	           20 	
      209	           24 	
      210	           26 	
      211	           18 	
      212	           18 	
      213	           23 	
      214	           22 	
      215	           29 	
      216	           26 	
      217	           18 	
      218	           29 	
      219	           24 	
      220	           22 	
      221	           31 	
      222	           27 	
      223	           21 	
      224	           29 	
      225	           31 	
      226	           27 	
      227	           27 	
      228	           20 	
      229	           34 	
      230	           17 	
      231	           22 	
      232	           25 	
      233	           28 	
      234	           34 	
      235	           13 	
      236	           20 	
      237	           21 	
      238	           26 	
      239	           26 	
      240	           19 	
      241	           26 	
      242	           32 	
      243	           20 	
      244	           29 	
      245	           19 	
      246	           20 	
      247	           21 	
      248	           24 	
      249	           21 	
      250	           28 	
      251	           20 	
      252	           25 	
      253	           17 	
      254	           19 	
      255	           19 	
      256	           28 	
      257	           25 	
      258	           20 	
      259	           19 	
      260	           30 	
      261	           21 	
      262	           21 	
      263	           20 	
      264	           19 	
      265	           24 	
      266	           23 	
      267	           30 	
      268	           19 	
      269	           20 	
      270	           21 	
      271	           20 	
      272	           29 	
      273	           22 	
      274	           27 	
      275	           23 	
      276	           23 	
      277	           21 	
      278	           22 	
      279	           16 	
      280	           27 	
      281	           29 	
      282	           26 	
      283	           26 	
      284	           19 	
      285	           26 	
      286	           17 	
      287	           21 	
      288	           30 	
      289	           34 	
      290	           20 	
      291	           18 	
      292	           26 	
      293	           35 	
      294	           19 	
      295	           28 	
      296	           30 	
      297	           28 	
      298	           28 	
      299	           29 	
      300	           23 	
      301	           18 	
      302	           29 	
      303	           29 	
      304	           21 	
      305	           29 	
      306	           24 	
      307	           29 	
      308	           18 	
      309	           22 	
      310	           31 	
      311	           27 	
      312	           29 	
      313	           21 	
      314	           29 	
      315	           16 	
      316	           23 	
      317	           23 	
      318	           17 	
      319	           30 	
      320	           29 	
      321	           23 	
      322	           25 	
      323	           28 	
      324	           22 	
      325	           34 	
      326	           32 	
      327	           26 	
      328	           28 	
      329	           26 	
      330	           18 	
      331	           24 	
      332	           23 	
      333	           17 	
      334	           18 	
      335	           21 	
      336	           22 	
      337	           23 	
      338	           25 	
      339	           21 	
      340	           23 	
      341	           25 	
      342	           27 	
      343	           39 	
      344	           23 	
      345	           24 	
      346	           26 	
      347	           18 	
      348	           31 	
      349	           26 	
      350	           30 	
      351	           30 	
      352	           30 	
      353	           30 	
      354	           24 	
      355	           27 	
      356	           28 	
      357	           27 	
      358	           29 	
      359	           27 	
      360	           32 	
      361	           29 	
      362	           21 	
      363	           27 	
      364	           22 	
      365	           26 	
      366	           25 	
      367	           25 	
      368	           25 	
      369	           26 	
      370	           26 	
      371	           30 	
      372	           27 	
      373	           24 	
      374	           32 	
      375	           22 	
      376	           19 	
      377	           35 	
      378	           27 	
      379	           20 	
      380	           23 	
      381	           29 	
      382	           16 	
      383	           24 	
      384	           20 	
      385	           28 	
      386	           28 	
      387	           21 	
      388	           26 	
      389	           28 	
      390	           25 	
      391	           33 	
      392	           19 	
      393	           19 	
      394	           23 	
      395	           20 	
      396	           26 	
      397	           25 	
      398	           24 	
      399	           30 	
      400	           19 	
      401	           18 	
      402	           18 	
      403	           29 	
      404	           31 	
      405	           25 	
      406	           18 	
      407	           22 	
      408	           29 	
      409	           30 	
      410	           16 	
      411	           30 	
      412	           25 	
      413	           22 	
      414	           33 	
      415	           32 	
      416	           21 	
      417	           26 	
      418	           27 	
      419	           25 	
      420	           26 	
      421	           33 	
      422	           30 	
      423	           19 	
      424	           30 	
      425	           20 	
      426	           20 	
      427	           16 	
      428	           19 	
      429	           23 	
      430	           18 	
      431	           29 	
      432	           23 	
      433	           26 	
      434	           28 	
      435	           21 	
      436	           24 	
      437	           21 	
      438	           21 	
      439	           22 	
      440	           27 	
      441	           28 	
      442	           19 	
      443	           25 	
      444	           29 	
      445	           20 	
      446	           23 	
      447	           22 	
      448	           29 	
      449	           26 	
      450	           17 	
      451	           33 	
      452	           26 	
      453	           24 	
      454	           23 	
      455	           22 	
      456	           22 	
      457	           18 	
      458	           17 	
      459	           24 	
      460	           18 	
      461	           27 	
      462	           19 	
      463	           27 	
      464	           21 	
      465	           22 	
      466	           19 	
      467	           24 	
      468	           28 	
      469	           25 	
      470	           33 	
      471	           25 	
      472	           27 	
      473	           31 	
      474	           20 	
      475	           30 	
      476	           26 	
      477	           29 	
      478	           26 	
      479	           15 	
      480	           18 	
      481	           23 	
      482	           21 	
      483	           17 	
      484	           21 	
      485	           21 	
      486	           17 	
      487	           25 	
      488	           19 	
      489	           26 	
      490	           30 	
      491	           20 	
      492	           21 	
      493	           32 	
      494	           22 	
      495	           23 	
      496	           20 	
      497	           30 	
      498	           29 	
      499	           32 	
      500	           22 	
      501	           29 	
      502	           27 	
      503	           17 	
      504	           26 	
      505	           15 	
      506	           23 	
      507	           25 	
      508	           22 	
      509	           15 	
      510	           32 	
      511	           26 	
      512	           21 	
      513	           28 	
      514	           26 	
      515	           27 	
      516	           19 	
      517	           27 	
      518	           11 	
      519	           31 	
      520	           15 	
      521	           25 	
      522	           32 	
      523	           22 	
      524	           18 	
      525	           20 	
      526	           22 	
      527	           20 	
      528	           21 	
      529	           26 	
      530	           17 	
      531	           19 	
      532	           25 	
      533	           25 	
      534	           22 	
      535	           12 	
      536	           18 	
      537	           15 	
      538	           25 	
      539	           23 	
      540	           17 	
      541	           17 	
      542	           22 	
      543	           24 	
      544	           16 	
      545	           22 	
      546	           34 	
      547	           20 	
      548	           31 	
      549	           13 	
      550	           22 	
      551	           30 	
      552	           29 	
      553	           19 	
      554	           24 	
      555	           18 	
      556	           25 	
      557	           28 	
      558	           25 	
      559	           19 	
      560	           24 	
      561	           29 	
      562	           29 	
      563	           33 	
      564	           33 	
      565	           23 	
      566	           29 	
      567	           28 	
      568	           23 	
      569	           28 	
      570	           19 	
      571	           25 	
      572	           30 	
      573	           18 	
      574	           19 	
      575	           22 	
      576	           21 	
      577	           27 	
      578	           12 	
      579	           28 	
      580	           19 	
      581	           34 	
      582	           35 	
      583	           18 	
      584	           31 	
      585	           21 	
      586	           23 	
      587	           20 	
      588	           25 	
      589	           32 	
      590	           27 	
      591	           16 	
      592	           25 	
      593	           28 	
      594	           18 	
      595	           31 	
      596	           28 	
      597	           30 	
      598	           21 	
      599	           18 	
      600	           23 	
      601	           25 	
      602	           31 	
      603	           33 	
      604	           23 	
      605	           31 	
      606	           20 	
      607	           30 	
      608	           24 	
      609	           18 	
      610	           25 	
      611	           22 	
      612	           23 	
      613	           23 	
      614	           18 	
      615	           26 	
      616	           28 	
      617	           26 	
      618	           27 	
      619	           32 	
      620	           17 	
      621	           23 	
      622	           22 	
      623	           23 	
      624	           24 	
      625	           23 	
      626	           25 	
      627	           23 	
      628	           27 	
      629	           21 	
      630	           22 	
      631	           25 	
      632	           28 	
      633	           23 	
      634	           17 	
      635	           21 	
      636	           26 	
      637	           28 	
      638	           24 	
      639	           22 	
      640	           33 	
      641	           21 	
      642	           23 	
      643	           24 	
      644	           22 	
      645	           19 	
      646	           17 	
      647	           21 	
      648	           23 	
      649	           28 	
      650	           24 	
      651	           12 	
      652	           16 	
      653	           14 	
      654	           22 	
      655	           24 	
      656	           23 	
      657	           16 	
      658	           20 	
      659	           22 	
      660	           25 	
      661	           34 	
      662	           26 	
      663	           18 	
      664	           33 	
      665	           15 	
      666	           28 	
      667	           23 	
      668	           26 	
      669	           28 	
      670	           24 	
      671	           19 	
      672	           24 	
      673	           28 	
      674	           25 	
      675	           28 	
      676	           24 	
      677	           26 	
      678	           31 	
      679	           28 	
      680	           28 	
      681	           23 	
      682	           15 	
      683	           15 	
      684	           33 	
      685	           23 	
      686	           19 	
      687	           26 	
      688	           22 	
      689	           28 	
      690	           17 	
      691	           24 	
      692	           27 	
      693	           23 	
      694	           36 	
      695	           28 	
      696	           22 	
      697	           27 	
      698	           20 	
      699	           29 	
      700	           31 	
      701	           21 	
      702	           27 	
      703	           27 	
      704	           25 	
      705	           20 	
      706	           24 	
      707	           21 	
      708	           24 	
      709	           24 	
      710	           25 	
      711	           24 	
      712	           27 	
      713	           27 	
      714	           26 	
      715	           15 	
      716	           19 	
      717	           20 	
      718	           29 	
      719	           23 	
      720	           21 	
      721	           15 	
      722	           28 	
      723	           22 	
      724	           26 	
      725	           22 	
      726	           26 	
      727	           19 	
      728	           19 	
      729	           22 	
      730	           32 	
      731	           22 	
      732	           30 	
      733	           20 	
      734	           20 	
      735	           33 	
      736	           19 	
      737	           16 	
      738	           25 	
      739	           27 	
      740	           21 	
      741	           30 	
      742	           22 	
      743	           26 	
      744	           30 	
      745	           24 	
      746	           21 	
      747	           24 	
      748	           24 	
      749	           25 	
      750	           22 	
      751	           31 	
      752	           30 	
      753	           25 	
      754	           25 	
      755	           26 	
      756	           17 	
      757	           21 	
      758	           22 	
      759	           22 	
      760	           29 	
      761	           21 	
      762	           24 	
      763	           24 	
      764	           26 	
      765	           33 	
      766	           22 	
      767	           21 	
      768	           31 	
      769	           28 	
      770	           23 	
      771	           23 	
      772	           28 	
      773	           32 	
      774	           17 	
      775	           24 	
      776	           20 	
      777	           22 	
      778	           24 	
      779	           20 	
      780	           24 	
      781	           22 	
      782	           23 	
      783	           19 	
      784	           22 	
      785	           29 	
      786	           22 	
      787	           23 	
      788	           21 	
      789	           20 	
      790	           27 	
      791	           26 	
      792	           31 	
      793	           33 	
      794	           27 	
      795	           26 	
      796	           33 	
      797	           24 	
      798	           24 	
      799	           21 	
      800	           29 	
      801	           23 	
      802	           36 	
      803	           16 	
      804	           21 	
      805	           26 	
      806	           25 	
      807	           18 	
      808	           24 	
      809	           22 	
      810	           17 	
      811	           28 	
      812	           28 	
      813	           30 	
      814	           22 	
      815	           26 	
      816	           32 	
      817	           19 	
      818	           17 	
      819	           22 	
      820	           25 	
      821	           20 	
      822	           27 	
      823	           19 	
      824	           33 	
      825	           18 	
      826	           28 	
      827	           24 	
      828	           27 	
      829	           24 	
      830	           22 	
      831	           18 	
      832	           20 	
      833	           24 	
      834	           19 	
      835	           24 	
      836	           30 	
      837	           24 	
      838	           22 	
      839	           26 	
      840	           22 	
      841	           18 	
      842	           20 	
      843	           23 	
      844	           29 	
      845	           17 	
      846	           25 	
      847	           21 	
      848	           28 	
      849	           27 	
      850	           16 	
      851	           22 	
      852	           28 	
      853	           25 	
      854	           29 	
      855	           23 	
      856	           28 	
      857	           21 	
      858	           27 	
      859	           29 	
      860	           21 	
      861	           21 	
      862	           31 	
      863	           21 	
      864	           22 	
      865	           30 	
      866	           14 	
      867	           24 	
      868	           25 	
      869	           11 	
      870	           30 	
      871	           20 	
      872	           30 	
      873	           24 	
      874	           25 	
      875	           22 	
      876	           21 	
      877	           25 	
      878	           18 	
      879	           31 	
      880	           34 	
      881	           17 	
      882	           24 	
      883	           24 	
      884	           28 	
      885	           33 	
      886	           19 	
      887	           30 	
      888	           27 	
      889	           24 	
      890	           28 	
      891	           16 	
      892	           24 	
      893	           32 	
      894	           26 	
      895	           25 	
      896	           24 	
      897	           15 	
      898	           26 	
      899	           25 	
      900	           29 	
      901	           30 	
      902	           27 	
      903	           21 	
      904	           28 	
      905	           18 	
      906	           21 	
      907	           23 	
      908	           27 	
      909	           27 	
      910	           25 	
      911	           24 	
      912	           23 	
      913	           18 	
      914	           25 	
      915	           19 	
      916	           25 	
      917	           30 	
      918	           25 	
      919	           34 	
      920	           30 	
      921	           24 	
      922	           25 	
      923	           26 	
      924	           20 	
      925	           27 	
      926	           22 	
      927	           28 	
      928	           32 	
      929	           21 	
      930	           22 	
      931	           24 	
      932	           23 	
      933	           24 	
      934	           22 	
      935	           21 	
      936	           19 	
      937	           18 	
      938	           20 	
      939	           20 	
      940	           39 	
      941	           25 	
      942	           27 	
      943	           28 	
      944	           26 	
      945	           20 	
      946	           29 	
      947	           30 	
      948	           21 	
      949	           25 	
      950	           17 	
      951	           16 	
      952	           27 	
      953	           26 	
      954	           33 	
      955	           20 	
      956	           27 	
      957	           27 	
      958	           30 	
      959	           29 	
      960	           22 	
      961	           26 	
      962	           32 	
      963	           28 	
      964	           23 	
      965	           27 	
      966	           28 	
      967	           23 	
      968	           16 	
      969	           24 	
      970	           36 	
      971	           28 	
      972	           26 	
      973	           16 	
      974	           28 	
      975	           12 	
      976	           25 	
      977	           31 	
      978	           15 	
      979	           20 	
      980	           24 	
      981	           35 	
      982	           16 	
      983	           28 	
      984	           19 	
      985	           15 	
      986	           24 	
      987	           25 	
      988	           24 	
      989	           24 	
      990	           26 	
      991	           20 	
      992	           33 	
      993	           13 	
      994	           28 	
      995	           32 	
      996	           24 	
      997	           19 	
      998	           20 	
      999	           22 	
     1000	           22 	
     1001	           36 	
     1002	           28 	
     1003	           19 	
     1004	           25 	
     1005	           35 	
     1006	           22 	
     1007	           28 	
     1008	           26 	
     1009	           23 	
     1010	           29 	
     1011	           19 	
     1012	           17 	
     1013	           20 	
     1014	           23 	
     1015	           28 	
     1016	           28 	
     1017	           27 	
     1018	           25 	
     1019	           18 	
     1020	           22 	
     1021	           26 	
     1022	           28 	
     1023	           27 	
     1024	           25 	
     1025	           16 	
     1026	           24 	
     1027	           13 	
     1028	           33 	
     1029	           27 	
     1030	           20 	
     1031	           19 	
     1032	           20 	
     1033	           27 	
     1034	           32 	
     1035	           21 	
     1036	           20 	
     1037	           20 	
     1038	           28 	
     1039	           23 	
     1040	           32 	
     1041	           25 	
     1042	           22 	
     1043	           20 	
     1044	           27 	
     1045	           19 	
     1046	           28 	
     1047	           25 	
     1048	           28 	
     1049	           30 	
     1050	           30 	
     1051	           26 	
     1052	           31 	
     1053	           21 	
     1054	           24 	
     1055	           27 	
     1056	           20 	
     1057	           29 	
     1058	           28 	
     1059	           19 	
     1060	           32 	
     1061	           27 	
     1062	           29 	
     1063	           16 	
     1064	           26 	
     1065	           27 	
     1066	           25 	
     1067	           17 	
     1068	           29 	
     1069	           27 	
     1070	           24 	
     1071	           29 	
     1072	           25 	
     1073	           27 	
     1074	           29 	
     1075	           25 	
     1076	           33 	
     1077	           24 	
     1078	           12 	
     1079	           28 	
     1080	           18 	
     1081	           25 	
     1082	           23 	
     1083	           24 	
     1084	           24 	
     1085	           29 	
     1086	           24 	
     1087	           22 	
     1088	           22 	
     1089	           22 	
     1090	           27 	
     1091	           18 	
     1092	           21 	
     1093	           32 	
     1094	           27 	
     1095	           20 	
     1096	           20 	
     1097	           18 	
     1098	           24 	
     1099	           21 	
     1100	           31 	
     1101	           23 	
     1102	           16 	
     1103	           26 	
     1104	           26 	
     1105	           23 	
     1106	           23 	
     1107	           25 	
     1108	           27 	
     1109	           28 	
     1110	           23 	
     1111	           25 	
     1112	           26 	
     1113	           27 	
     1114	           29 	
     1115	           23 	
     1116	           18 	
     1117	           31 	
     1118	           32 	
     1119	           16 	
     1120	           23 	
     1121	           29 	
     1122	           19 	
     1123	           21 	
     1124	           24 	
     1125	           27 	
     1126	           15 	
     1127	           20 	
     1128	           17 	
     1129	           21 	
     1130	           29 	
     1131	           11 	
     1132	           19 	
     1133	           25 	
     1134	           25 	
     1135	           22 	
     1136	           18 	
     1137	           28 	
     1138	           23 	
     1139	           23 	
     1140	           21 	
     1141	           30 	
     1142	           24 	
     1143	           17 	
     1144	           24 	
     1145	           26 	
     1146	           23 	
     1147	           27 	
     1148	           22 	
     1149	           23 	
     1150	           26 	
     1151	           27 	
     1152	           13 	
     1153	           31 	
     1154	           24 	
     1155	           16 	
     1156	           23 	
     1157	           30 	
     1158	           25 	
     1159	           31 	
     1160	           31 	
     1161	           15 	
     1162	           31 	
     1163	           20 	
     1164	           22 	
     1165	           37 	
     1166	           28 	
     1167	           25 	
     1168	           28 	
     1169	           26 	
     1170	           28 	
     1171	           20 	
     1172	           30 	
     1173	           24 	
     1174	           21 	
     1175	           19 	
     1176	           20 	
     1177	           21 	
     1178	           27 	
     1179	           32 	
     1180	           18 	
     1181	           22 	
     1182	           24 	
     1183	           31 	
     1184	           23 	
     1185	           23 	
     1186	           22 	
     1187	           24 	
     1188	           22 	
     1189	           25 	
     1190	           28 	
     1191	           28 	
     1192	           22 	
     1193	           25 	
     1194	           30 	
     1195	           16 	
     1196	           15 	
     1197	           22 	
     1198	           28 	
     1199	           28 	
     1200	           29 	
     1201	           19 	
     1202	           17 	
     1203	           23 	
     1204	           21 	
     1205	           21 	
     1206	           28 	
     1207	           29 	
     1208	           24 	
     1209	           25 	
     1210	           15 	
     1211	           18 	
     1212	           19 	
     1213	           20 	
     1214	           28 	
     1215	           33 	
     1216	           17 	
     1217	           30 	
     1218	           35 	
     1219	           22 	
     1220	           22 	
     1221	           22 	
     1222	           26 	
     1223	           21 	
     1224	           36 	
     1225	           30 	
     1226	           22 	
     1227	           24 	
     1228	           28 	
     1229	           15 	
     1230	           28 	
     1231	           25 	
     1232	           26 	
     1233	           15 	
     1234	           23 	
     1235	           32 	
     1236	           19 	
     1237	           19 	
     1238	           30 	
     1239	           24 	
     1240	           25 	
     1241	           18 	
     1242	           25 	
     1243	           22 	
     1244	           18 	
     1245	           24 	
     1246	           22 	
     1247	           15 	
     1248	           23 	
     1249	           18 	
     1250	           17 	
     1251	           17 	
     1252	           24 	
     1253	           26 	
     1254	           23 	
     1255	           25 	
     1256	           27 	
     1257	           24 	
     1258	           25 	
     1259	           27 	
     1260	           27 	
     1261	           22 	
     1262	           20 	
     1263	           24 	
     1264	           29 	
     1265	           27 	
     1266	           26 	
     1267	           17 	
     1268	           23 	
     1269	           31 	
     1270	           18 	
     1271	           30 	
     1272	           32 	
     1273	           24 	
     1274	           21 	
     1275	           28 	
     1276	           24 	
     1277	           32 	
     1278	           29 	
     1279	           23 	
     1280	           28 	
     1281	           24 	
     1282	           22 	
     1283	           26 	
     1284	           19 	
     1285	           24 	
     1286	           21 	
     1287	           17 	
     1288	           16 	
     1289	           23 	
     1290	           36 	
     1291	           28 	
     1292	           24 	
     1293	           20 	
     1294	           27 	
     1295	           23 	
     1296	           22 	
     1297	           13 	
     1298	           17 	
     1299	           25 	
     1300	           26 	
     1301	           15 	
     1302	           22 	
     1303	           20 	
     1304	           24 	
     1305	           22 	
     1306	           28 	
     1307	           25 	
     1308	           26 	
     1309	           19 	
     1310	           31 	
     1311	           25 	
     1312	           23 	
     1313	           34 	
     1314	           24 	
     1315	           25 	
     1316	           33 	
     1317	           31 	
     1318	           18 	
     1319	           24 	
     1320	           25 	
     1321	           17 	
     1322	           22 	
     1323	           37 	
     1324	           24 	
     1325	           25 	
     1326	           17 	
     1327	           27 	
     1328	           31 	
     1329	           19 	
     1330	           30 	
     1331	           26 	
     1332	           26 	
     1333	           17 	
     1334	           20 	
     1335	           29 	
     1336	           10 	
     1337	           23 	
     1338	           32 	
     1339	           24 	
     1340	           33 	
     1341	           23 	
     1342	           28 	
     1343	           20 	
     1344	           25 	
     1345	           29 	
     1346	           35 	
     1347	           30 	
     1348	           30 	
     1349	           30 	
     1350	           23 	
     1351	           16 	
     1352	           24 	
     1353	           26 	
     1354	           15 	
     1355	           26 	
     1356	           27 	
     1357	           16 	
     1358	           21 	
     1359	           20 	
     1360	           20 	
     1361	           20 	
     1362	           27 	
     1363	           20 	
     1364	           19 	
     1365	           29 	
     1366	           18 	
     1367	           28 	
     1368	           20 	
     1369	           19 	
     1370	           20 	
     1371	           17 	
     1372	           25 	
     1373	           27 	
     1374	           32 	
     1375	           30 	
     1376	           25 	
     1377	           27 	
     1378	           25 	
     1379	           33 	
     1380	           25 	
     1381	           24 	
     1382	           19 	
     1383	           22 	
     1384	           23 	
     1385	           22 	
     1386	           27 	
     1387	           15 	
     1388	           37 	
     1389	           27 	
     1390	           21 	
     1391	           23 	
     1392	           30 	
     1393	           25 	
     1394	           36 	
     1395	           26 	
     1396	           16 	
     1397	           25 	
     1398	           20 	
     1399	           33 	
     1400	           27 	
     1401	           22 	
     1402	           24 	
     1403	           28 	
     1404	           29 	
     1405	           27 	
     1406	           22 	
     1407	           26 	
     1408	           32 	
     1409	           26 	
     1410	           22 	
     1411	           23 	
     1412	           23 	
     1413	           21 	
     1414	           36 	
     1415	           22 	
     1416	           25 	
     1417	           30 	
     1418	           26 	
     1419	           24 	
     1420	           26 	
     1421	           29 	
     1422	           24 	
     1423	           21 	
     1424	           31 	
     1425	           16 	
     1426	           36 	
     1427	           27 	
     1428	           29 	
     1429	           21 	
     1430	           30 	
     1431	           24 	
     1432	           23 	
     1433	           32 	
     1434	           18 	
     1435	           23 	
     1436	           22 	
     1437	           29 	
     1438	           27 	
     1439	           34 	
     1440	           15 	
     1441	           21 	
     1442	           21 	
     1443	           20 	
     1444	           24 	
     1445	           33 	
     1446	           20 	
     1447	           28 	
     1448	           18 	
     1449	           32 	
     1450	           29 	
     1451	           29 	
     1452	           29 	
     1453	           21 	
     1454	           30 	
     1455	           14 	
     1456	           24 	
     1457	           24 	
     1458	           22 	
     1459	           28 	
     1460	           29 	
     1461	           31 	
     1462	           25 	
     1463	           28 	
     1464	           20 	
     1465	           32 	
     1466	           16 	
     1467	           23 	
     1468	           30 	
     1469	           30 	
     1470	           30 	
     1471	           22 	
     1472	           28 	
     1473	           28 	
     1474	           23 	
     1475	           20 	
     1476	           28 	
     1477	           24 	
     1478	           16 	
     1479	           22 	
     1480	           20 	
     1481	           29 	
     1482	           28 	
     1483	           20 	
     1484	           30 	
     1485	           26 	
     1486	           16 	
     1487	           17 	
     1488	           26 	
     1489	           17 	
     1490	           20 	
     1491	           34 	
     1492	           25 	
     1493	           26 	
     1494	           26 	
     1495	           31 	
     1496	           21 	
     1497	           27 	
     1498	           21 	
     1499	           33 	
     1500	           22 	
     1501	           32 	
     1502	           16 	
     1503	           20 	
     1504	           23 	
     1505	           20 	
     1506	           30 	
     1507	           19 	
     1508	           21 	
     1509	           19 	
     1510	           27 	
     1511	           24 	
     1512	           32 	
     1513	           21 	
     1514	           27 	
     1515	           31 	
     1516	           16 	
     1517	           24 	
     1518	           33 	
     1519	           23 	
     1520	           22 	
     1521	           34 	
     1522	           33 	
     1523	           18 	
     1524	           25 	
     1525	           28 	
     1526	           19 	
     1527	           28 	
     1528	           23 	
     1529	           31 	
     1530	           25 	
     1531	           23 	
     1532	           25 	
     1533	           29 	
     1534	           16 	
     1535	           21 	
     1536	           21 	
     1537	           30 	
     1538	           23 	
     1539	           27 	
     1540	           23 	
     1541	           26 	
     1542	           13 	
     1543	           23 	
     1544	           24 	
     1545	           25 	
     1546	           18 	
     1547	           27 	
     1548	           21 	
     1549	           25 	
     1550	           17 	
     1551	           27 	
     1552	           28 	
     1553	           22 	
     1554	           33 	
     1555	           18 	
     1556	           24 	
     1557	           25 	
     1558	           21 	
     1559	           26 	
     1560	           30 	
     1561	           26 	
     1562	           24 	
     1563	           25 	
     1564	           24 	
     1565	           32 	
     1566	           23 	
     1567	           25 	
     1568	           28 	
     1569	           26 	
     1570	           23 	
     1571	           21 	
     1572	           23 	
     1573	           19 	
     1574	           17 	
     1575	           25 	
     1576	           25 	
     1577	           27 	
     1578	           15 	
     1579	           34 	
     1580	           28 	
     1581	           29 	
     1582	           22 	
     1583	           35 	
     1584	           21 	
     1585	           28 	
     1586	           27 	
     1587	           23 	
     1588	           23 	
     1589	           30 	
     1590	           35 	
     1591	           24 	
     1592	           28 	
     1593	           25 	
     1594	           32 	
     1595	           27 	
     1596	           20 	
     1597	           18 	
     1598	           33 	
     1599	           23 	
     1600	           20 	
     1601	           33 	
     1602	           26 	
     1603	           28 	
     1604	           27 	
     1605	           23 	
     1606	           30 	
     1607	           14 	
     1608	           19 	
     1609	           26 	
     1610	           31 	
     1611	           21 	
     1612	           16 	
     1613	           24 	
     1614	           23 	
     1615	           26 	
     1616	           28 	
     1617	           18 	
     1618	           24 	
     1619	           31 	
     1620	           26 	
     1621	           24 	
     1622	           21 	
     1623	           31 	
     1624	           22 	
     1625	           30 	
     1626	           17 	
     1627	           16 	
     1628	           27 	
     1629	           19 	
     1630	           29 	
     1631	           19 	
     1632	           24 	
     1633	           25 	
     1634	           22 	
     1635	           19 	
     1636	           16 	
     1637	           27 	
     1638	           23 	
     1639	           21 	
     1640	           23 	
     1641	           24 	
     1642	           25 	
     1643	           26 	
     1644	           29 	
     1645	           32 	
     1646	           27 	
     1647	           24 	
     1648	           32 	
     1649	           16 	
     1650	           22 	
     1651	           23 	
     1652	           23 	
     1653	           21 	
     1654	           13 	
     1655	           35 	
     1656	           22 	
     1657	           16 	
     1658	           27 	
     1659	           23 	
     1660	           16 	
     1661	           26 	
     1662	           21 	
     1663	           19 	
     1664	           25 	
     1665	           26 	
     1666	           18 	
     1667	           22 	
     1668	           21 	
     1669	           36 	
     1670	           16 	
     1671	           30 	
     1672	           30 	
     1673	           32 	
     1674	           22 	
     1675	           27 	
     1676	           22 	
     1677	           20 	
     1678	           23 	
     1679	           25 	
     1680	           30 	
     1681	           31 	
     1682	           18 	
     1683	           33 	
     1684	           25 	
     1685	           27 	
     1686	           21 	
     1687	           30 	
     1688	           28 	
     1689	           23 	
     1690	           19 	
     1691	           28 	
     1692	           30 	
     1693	           23 	
     1694	           19 	
     1695	           24 	
     1696	           32 	
     1697	           30 	
     1698	           35 	
     1699	           29 	
     1700	           31 	
     1701	           31 	
     1702	           21 	
     1703	           24 	
     1704	           30 	
     1705	           22 	
     1706	           20 	
     1707	           16 	
     1708	           26 	
     1709	           20 	
     1710	           32 	
     1711	           26 	
     1712	           21 	
     1713	           26 	
     1714	           21 	
     1715	           28 	
     1716	           21 	
     1717	           32 	
     1718	           23 	
     1719	           23 	
     1720	           22 	
     1721	           25 	
     1722	           25 	
     1723	           14 	
     1724	           25 	
     1725	           18 	
     1726	           18 	
     1727	           27 	
     1728	           23 	
     1729	           22 	
     1730	           29 	
     1731	           26 	
     1732	           24 	
     1733	           27 	
     1734	           18 	
     1735	           24 	
     1736	           25 	
     1737	           31 	
     1738	           26 	
     1739	           26 	
     1740	           23 	
     1741	           25 	
     1742	           19 	
     1743	           19 	
     1744	           30 	
     1745	           25 	
     1746	           26 	
     1747	           40 	
     1748	           20 	
     1749	           23 	
     1750	           16 	
     1751	           17 	
     1752	           26 	
     1753	           31 	
     1754	           32 	
     1755	           15 	
     1756	           15 	
     1757	           23 	
     1758	           30 	
     1759	           26 	
     1760	           34 	
     1761	           22 	
     1762	           22 	
     1763	           38 	
     1764	           18 	
     1765	           26 	
     1766	           26 	
     1767	           24 	
     1768	           26 	
     1769	           28 	
     1770	           31 	
     1771	           20 	
     1772	           23 	
     1773	           31 	
     1774	           23 	
     1775	           20 	
     1776	           20 	
     1777	           22 	
     1778	           22 	
     1779	           24 	
     1780	           26 	
     1781	           24 	
     1782	           29 	
     1783	           28 	
     1784	           33 	
     1785	           18 	
     1786	           25 	
     1787	           26 	
     1788	           28 	
     1789	           37 	
     1790	           22 	
     1791	           30 	
     1792	           25 	
     1793	           24 	
     1794	           26 	
     1795	           22 	
     1796	           27 	
     1797	           28 	
     1798	           30 	
     1799	           19 	
     1800	           38 	
     1801	           25 	
     1802	           28 	
     1803	           18 	
     1804	           32 	
     1805	           37 	
     1806	           19 	
     1807	           26 	
     1808	           20 	
     1809	           25 	
     1810	           24 	
     1811	           23 	
     1812	           30 	
     1813	           16 	
     1814	           26 	
     1815	           22 	
     1816	           31 	
     1817	           12 	
     1818	           24 	
     1819	           23 	
     1820	           20 	
     1821	           18 	
     1822	           25 	
     1823	           23 	
     1824	           27 	
     1825	           19 	
     1826	           26 	
     1827	           25 	
     1828	           19 	
     1829	           25 	
     1830	           25 	
     1831	           29 	
     1832	           23 	
     1833	           25 	
     1834	           28 	
     1835	           20 	
     1836	           21 	
     1837	           23 	
     1838	           25 	
     1839	           28 	
     1840	           27 	
     1841	           27 	
     1842	           22 	
     1843	           21 	
     1844	           32 	
     1845	           27 	
     1846	           21 	
     1847	           26 	
     1848	           25 	
     1849	           30 	
     1850	           17 	
     1851	           26 	
     1852	           23 	
     1853	           24 	
     1854	           36 	
     1855	           43 	
     1856	           30 	
     1857	           25 	
     1858	           21 	
     1859	           20 	
     1860	           29 	
     1861	           26 	
     1862	           36 	
     1863	           23 	
     1864	           27 	
     1865	           25 	
     1866	           24 	
     1867	           18 	
     1868	           27 	
     1869	           19 	
     1870	           24 	
     1871	           24 	
     1872	           27 	
     1873	           24 	
     1874	           24 	
     1875	           19 	
     1876	           18 	
     1877	           15 	
     1878	           18 	
     1879	           30 	
     1880	           29 	
     1881	           22 	
     1882	           35 	
     1883	           19 	
     1884	           22 	
     1885	           14 	
     1886	           18 	
     1887	           26 	
     1888	           19 	
     1889	           21 	
     1890	           25 	
     1891	           22 	
     1892	           23 	
     1893	           17 	
     1894	           27 	
     1895	           23 	
     1896	           17 	
     1897	           23 	
     1898	           14 	
     1899	           43 	
     1900	           13 	
     1901	           21 	
     1902	           30 	
     1903	           18 	
     1904	           29 	
     1905	           24 	
     1906	           24 	
     1907	           28 	
     1908	           24 	
     1909	           28 	
     1910	           25 	
     1911	           28 	
     1912	           28 	
     1913	           26 	
     1914	           21 	
     1915	           14 	
     1916	           27 	
     1917	           23 	
     1918	           24 	
     1919	           24 	
     1920	           21 	
     1921	           16 	
     1922	           17 	
     1923	           21 	
     1924	           26 	
     1925	           25 	
     1926	           22 	
     1927	           29 	
     1928	           31 	
     1929	           33 	
     1930	           29 	
     1931	           13 	
     1932	           27 	
     1933	           22 	
     1934	           21 	
     1935	           36 	
     1936	           21 	
     1937	           27 	
     1938	           37 	
     1939	           28 	
     1940	           26 	
     1941	           29 	
     1942	           26 	
     1943	           24 	
     1944	           29 	
     1945	           13 	
     1946	           24 	
     1947	           19 	
     1948	           23 	
     1949	           22 	
     1950	           28 	
     1951	           26 	
     1952	           30 	
     1953	           22 	
     1954	           18 	
     1955	           18 	
     1956	           32 	
     1957	           34 	
     1958	           22 	
     1959	           24 	
     1960	           30 	
     1961	           35 	
     1962	           30 	
     1963	           26 	
     1964	           20 	
     1965	           25 	
     1966	           28 	
     1967	           23 	
     1968	           17 	
     1969	           20 	
     1970	           33 	
     1971	           23 	
     1972	           29 	
     1973	           17 	
     1974	           30 	
     1975	           27 	
     1976	           25 	
     1977	           23 	
     1978	           22 	
     1979	           38 	
     1980	           28 	
     1981	           24 	
     1982	           20 	
     1983	           23 	
     1984	           25 	
     1985	           25 	
     1986	           24 	
     1987	           16 	
     1988	           29 	
     1989	           29 	
     1990	           24 	
     1991	           25 	
     1992	           28 	
     1993	           25 	
     1994	           25 	
     1995	           22 	
     1996	           24 	
     1997	           16 	
     1998	           23 	
     1999	           30 	
     2000	           20 	
