Thorlabs Single Photon Counter Data Export

Date (YYYY-MM-DD):	2025-09-12
Time (HH:MM:SS):	23:13:19
Device Name:	SPCM50A
Serial Number:	M00296614
GUI Revision:	1.0 Build 23
Driver Revision:	1.1.0
Firmware Revision:	1.0.0

Application settings:
Operating Mode:	Free Running Timed Counter
Bin Length [ms]:	1
Time between Bins [ms]:	0.001
Pulse Blind Time [ns]:	0
Trigger Edge:	non-applicable
Array Measurement:	Yes
Array Measurement Continuously:	No
Bins per Array:	2000
Active APD Gating:	No
Fan Off:	No

Bin Number 	Counts per Bin 	Remarks
        1	          176 	
        2	          166 	
        3	          169 	
        4	          177 	
        5	          163 	
        6	          157 	
        7	          181 	
        8	          162 	
        9	          194 	
       10	          178 	
       11	          172 	
       12	          178 	
       13	          153 	
       14	          171 	
       15	          159 	
       16	          174 	
       17	          173 	
       18	          153 	
       19	          162 	
       20	          161 	
       21	          157 	
       22	          170 	
       23	          188 	
       24	          167 	
       25	          168 	
       26	          168 	
       27	          179 	
       28	          160 	
       29	          167 	
       30	          185 	
       31	          195 	
       32	          182 	
       33	          173 	
       34	          163 	
       35	          138 	
       36	          172 	
       37	          164 	
       38	          172 	
       39	          203 	
       40	          190 	
       41	          187 	
       42	          185 	
       43	          188 	
       44	          183 	
       45	          184 	
       46	          176 	
       47	          175 	
       48	          174 	
       49	          170 	
       50	          171 	
       51	          186 	
       52	          187 	
       53	          193 	
       54	          161 	
       55	          168 	
       56	          165 	
       57	          154 	
       58	          197 	
       59	          181 	
       60	          160 	
       61	          152 	
       62	          166 	
       63	          169 	
       64	          169 	
       65	          168 	
       66	          145 	
       67	          181 	
       68	          154 	
       69	          168 	
       70	          171 	
       71	          170 	
       72	          161 	
       73	          192 	
       74	          196 	
       75	          179 	
       76	          193 	
       77	          168 	
       78	          169 	
       79	          161 	
       80	          199 	
       81	          174 	
       82	          152 	
       83	          147 	
       84	          183 	
       85	          161 	
       86	          166 	
       87	          172 	
       88	          184 	
       89	          165 	
       90	          164 	
       91	          167 	
       92	          158 	
       93	          183 	
       94	          181 	
       95	          172 	
       96	          142 	
       97	          162 	
       98	          152 	
       99	          152 	
      100	          187 	
      101	          180 	
      102	          180 	
      103	          175 	
      104	          190 	
      105	          170 	
      106	          180 	
      107	          169 	
      108	          148 	
      109	          169 	
      110	          170 	
      111	          191 	
      112	          192 	
      113	          156 	
      114	          201 	
      115	          173 	
      116	          181 	
      117	          177 	
      118	          160 	
      119	          171 	
      120	          162 	
      121	          186 	
      122	          194 	
      123	          148 	
      124	          160 	
      125	          162 	
      126	          165 	
      127	          179 	
      128	          162 	
      129	          163 	
      130	          151 	
      131	          155 	
      132	          177 	
      133	          175 	
      134	          189 	
      135	          181 	
      136	          176 	
      137	          197 	
      138	          185 	
      139	          180 	
      140	          167 	
      141	          145 	
      142	          175 	
      143	          153 	
      144	          186 	
      145	          162 	
      146	          165 	
      147	          192 	
      148	          173 	
      149	          162 	
      150	          157 	
      151	          181 	
      152	          174 	
      153	          162 	
      154	          167 	
      155	          197 	
      156	          159 	
      157	          161 	
      158	          178 	
      159	          176 	
      160	          183 	
      161	          174 	
      162	          167 	
      163	          155 	
      164	          154 	
      165	          195 	
      166	          185 	
      167	          175 	
      168	          183 	
      169	          166 	
      170	          164 	
      171	          163 	
      172	          168 	
      173	          173 	
      174	          163 	
      175	          157 	
      176	          186 	
      177	          197 	
      178	          182 	
      179	          163 	
      180	          191 	
      181	          136 	
      182	          189 	
      183	          178 	
      184	          153 	
      185	          192 	
      186	          170 	
      187	          173 	
      188	          143 	
      189	          190 	
      190	          171 	
      191	          179 	
      192	          180 	
      193	          170 	
      194	          185 	
      195	          187 	
      196	          178 	
      197	          175 	
      198	          155 	
      199	          153 	
      200	          179 	
      201	          146 	
      202	          179 	
      203	          170 	
      204	          172 	
      205	          182 	
      206	          176 	
      207	          188 	
      208	          184 	
      209	          181 	
      210	          160 	
      211	          168 	
      212	          176 	
      213	          179 	
      214	          188 	
      215	          165 	
      216	          169 	
      217	          189 	
      218	          166 	
      219	          175 	
      220	          177 	
      221	          201 	
      222	          199 	
      223	          165 	
      224	          154 	
      225	          170 	
      226	          160 	
      227	          142 	
      228	          168 	
      229	          171 	
      230	          153 	
      231	          156 	
      232	          174 	
      233	          172 	
      234	          178 	
      235	          176 	
      236	          187 	
      237	          167 	
      238	          152 	
      239	          165 	
      240	          176 	
      241	          177 	
      242	          188 	
      243	          158 	
      244	          176 	
      245	          185 	
      246	          182 	
      247	          169 	
      248	          174 	
      249	          171 	
      250	          186 	
      251	          179 	
      252	          201 	
      253	          170 	
      254	          178 	
      255	          177 	
      256	          182 	
      257	          162 	
      258	          170 	
      259	          178 	
      260	          159 	
      261	          160 	
      262	          183 	
      263	          191 	
      264	          164 	
      265	          169 	
      266	          160 	
      267	          184 	
      268	          175 	
      269	          169 	
      270	          176 	
      271	          166 	
      272	          170 	
      273	          197 	
      274	          180 	
      275	          175 	
      276	          179 	
      277	          152 	
      278	          146 	
      279	          178 	
      280	          170 	
      281	          175 	
      282	          189 	
      283	          178 	
      284	          160 	
      285	          157 	
      286	          176 	
      287	          173 	
      288	          183 	
      289	          159 	
      290	          178 	
      291	          159 	
      292	          174 	
      293	          162 	
      294	          159 	
      295	          169 	
      296	          166 	
      297	          170 	
      298	          160 	
      299	          175 	
      300	          177 	
      301	          175 	
      302	          160 	
      303	          189 	
      304	          186 	
      305	          184 	
      306	          172 	
      307	          194 	
      308	          187 	
      309	          146 	
      310	          149 	
      311	          182 	
      312	          193 	
      313	          170 	
      314	          155 	
      315	          162 	
      316	          195 	
      317	          176 	
      318	          183 	
      319	          156 	
      320	          159 	
      321	          186 	
      322	          170 	
      323	          192 	
      324	          167 	
      325	          168 	
      326	          191 	
      327	          173 	
      328	          179 	
      329	          161 	
      330	          164 	
      331	          178 	
      332	          169 	
      333	          160 	
      334	          182 	
      335	          179 	
      336	          158 	
      337	          177 	
      338	          177 	
      339	          170 	
      340	          162 	
      341	          178 	
      342	          177 	
      343	          161 	
      344	          161 	
      345	          144 	
      346	          166 	
      347	          188 	
      348	          180 	
      349	          180 	
      350	          205 	
      351	          172 	
      352	          146 	
      353	          157 	
      354	          169 	
      355	          174 	
      356	          161 	
      357	          182 	
      358	          173 	
      359	          166 	
      360	          176 	
      361	          189 	
      362	          160 	
      363	          178 	
      364	          168 	
      365	          160 	
      366	          195 	
      367	          172 	
      368	          171 	
      369	          160 	
      370	          175 	
      371	          161 	
      372	          172 	
      373	          170 	
      374	          176 	
      375	          164 	
      376	          187 	
      377	          176 	
      378	          166 	
      379	          188 	
      380	          175 	
      381	          193 	
      382	          164 	
      383	          158 	
      384	          150 	
      385	          176 	
      386	          193 	
      387	          190 	
      388	          188 	
      389	          177 	
      390	          182 	
      391	          176 	
      392	          185 	
      393	          165 	
      394	          176 	
      395	          181 	
      396	          172 	
      397	          173 	
      398	          154 	
      399	          179 	
      400	          147 	
      401	          171 	
      402	          167 	
      403	          172 	
      404	          183 	
      405	          170 	
      406	          168 	
      407	          175 	
      408	          174 	
      409	          170 	
      410	          183 	
      411	          178 	
      412	          170 	
      413	          182 	
      414	          179 	
      415	          153 	
      416	          179 	
      417	          191 	
      418	          185 	
      419	          168 	
      420	          155 	
      421	          174 	
      422	          180 	
      423	          139 	
      424	          190 	
      425	          172 	
      426	          167 	
      427	          173 	
      428	          171 	
      429	          168 	
      430	          160 	
      431	          192 	
      432	          191 	
      433	          172 	
      434	          168 	
      435	          162 	
      436	          167 	
      437	          167 	
      438	          180 	
      439	          176 	
      440	          168 	
      441	          174 	
      442	          157 	
      443	          184 	
      444	          172 	
      445	          159 	
      446	          160 	
      447	          146 	
      448	          198 	
      449	          159 	
      450	          182 	
      451	          166 	
      452	          179 	
      453	          194 	
      454	          189 	
      455	          135 	
      456	          184 	
      457	          162 	
      458	          173 	
      459	          166 	
      460	          172 	
      461	          179 	
      462	          182 	
      463	          166 	
      464	          177 	
      465	          164 	
      466	          183 	
      467	          172 	
      468	          161 	
      469	          188 	
      470	          173 	
      471	          174 	
      472	          163 	
      473	          206 	
      474	          177 	
      475	          165 	
      476	          165 	
      477	          175 	
      478	          170 	
      479	          175 	
      480	          181 	
      481	          163 	
      482	          164 	
      483	          161 	
      484	          167 	
      485	          188 	
      486	          180 	
      487	          159 	
      488	          176 	
      489	          173 	
      490	          187 	
      491	          158 	
      492	          199 	
      493	          181 	
      494	          178 	
      495	          201 	
      496	          185 	
      497	          169 	
      498	          176 	
      499	          161 	
      500	          192 	
      501	          172 	
      502	          175 	
      503	          201 	
      504	          156 	
      505	          183 	
      506	          164 	
      507	          180 	
      508	          167 	
      509	          186 	
      510	          160 	
      511	          189 	
      512	          169 	
      513	          172 	
      514	          168 	
      515	          199 	
      516	          183 	
      517	          187 	
      518	          193 	
      519	          164 	
      520	          186 	
      521	          190 	
      522	          183 	
      523	          172 	
      524	          166 	
      525	          172 	
      526	          143 	
      527	          157 	
      528	          164 	
      529	          172 	
      530	          203 	
      531	          175 	
      532	          167 	
      533	          156 	
      534	          178 	
      535	          161 	
      536	          181 	
      537	          180 	
      538	          164 	
      539	          157 	
      540	          174 	
      541	          172 	
      542	          156 	
      543	          169 	
      544	          186 	
      545	          183 	
      546	          147 	
      547	          161 	
      548	          166 	
      549	          153 	
      550	          169 	
      551	          178 	
      552	          159 	
      553	          158 	
      554	          156 	
      555	          155 	
      556	          164 	
      557	          185 	
      558	          168 	
      559	          173 	
      560	          185 	
      561	          184 	
      562	          182 	
      563	          163 	
      564	          173 	
      565	          148 	
      566	          180 	
      567	          161 	
      568	          151 	
      569	          158 	
      570	          164 	
      571	          146 	
      572	          175 	
      573	          161 	
      574	          187 	
      575	          140 	
      576	          159 	
      577	          191 	
      578	          171 	
      579	          159 	
      580	          166 	
      581	          161 	
      582	          174 	
      583	          172 	
      584	          173 	
      585	          183 	
      586	          153 	
      587	          147 	
      588	          175 	
      589	          152 	
      590	          183 	
      591	          184 	
      592	          161 	
      593	          179 	
      594	          173 	
      595	          152 	
      596	          183 	
      597	          174 	
      598	          170 	
      599	          179 	
      600	          176 	
      601	          174 	
      602	          175 	
      603	          164 	
      604	          163 	
      605	          191 	
      606	          166 	
      607	          155 	
      608	          195 	
      609	          175 	
      610	          179 	
      611	          164 	
      612	          189 	
      613	          158 	
      614	          175 	
      615	          173 	
      616	          173 	
      617	          156 	
      618	          184 	
      619	          171 	
      620	          151 	
      621	          188 	
      622	          174 	
      623	          201 	
      624	          177 	
      625	          184 	
      626	          167 	
      627	          175 	
      628	          165 	
      629	          170 	
      630	          159 	
      631	          150 	
      632	          163 	
      633	          162 	
      634	          193 	
      635	          177 	
      636	          147 	
      637	          159 	
      638	          181 	
      639	          174 	
      640	          166 	
      641	          192 	
      642	          174 	
      643	          166 	
      644	          169 	
      645	          153 	
      646	          170 	
      647	          157 	
      648	          187 	
      649	          151 	
      650	          175 	
      651	          182 	
      652	          170 	
      653	          161 	
      654	          168 	
      655	          176 	
      656	          157 	
      657	          168 	
      658	          190 	
      659	          170 	
      660	          173 	
      661	          170 	
      662	          155 	
      663	          162 	
      664	          175 	
      665	          211 	
      666	          181 	
      667	          174 	
      668	          179 	
      669	          154 	
      670	          191 	
      671	          169 	
      672	          171 	
      673	          163 	
      674	          134 	
      675	          162 	
      676	          174 	
      677	          169 	
      678	          170 	
      679	          170 	
      680	          164 	
      681	          199 	
      682	          155 	
      683	          174 	
      684	          179 	
      685	          164 	
      686	          158 	
      687	          165 	
      688	          159 	
      689	          185 	
      690	          176 	
      691	          162 	
      692	          183 	
      693	          159 	
      694	          171 	
      695	          163 	
      696	          196 	
      697	          179 	
      698	          192 	
      699	          191 	
      700	          202 	
      701	          155 	
      702	          150 	
      703	          155 	
      704	          152 	
      705	          178 	
      706	          158 	
      707	          180 	
      708	          180 	
      709	          181 	
      710	          162 	
      711	          170 	
      712	          187 	
      713	          167 	
      714	          173 	
      715	          164 	
      716	          177 	
      717	          172 	
      718	          162 	
      719	          172 	
      720	          188 	
      721	          178 	
      722	          163 	
      723	          189 	
      724	          156 	
      725	          158 	
      726	          164 	
      727	          173 	
      728	          163 	
      729	          165 	
      730	          154 	
      731	          187 	
      732	          169 	
      733	          200 	
      734	          209 	
      735	          164 	
      736	          205 	
      737	          139 	
      738	          168 	
      739	          188 	
      740	          156 	
      741	          178 	
      742	          149 	
      743	          172 	
      744	          153 	
      745	          192 	
      746	          160 	
      747	          160 	
      748	          148 	
      749	          174 	
      750	          170 	
      751	          192 	
      752	          194 	
      753	          187 	
      754	          195 	
      755	          186 	
      756	          171 	
      757	          174 	
      758	          169 	
      759	          178 	
      760	          168 	
      761	          193 	
      762	          163 	
      763	          168 	
      764	          170 	
      765	          207 	
      766	          184 	
      767	          166 	
      768	          163 	
      769	          194 	
      770	          175 	
      771	          176 	
      772	          150 	
      773	          180 	
      774	          163 	
      775	          155 	
      776	          183 	
      777	          200 	
      778	          175 	
      779	          185 	
      780	          172 	
      781	          176 	
      782	          176 	
      783	          185 	
      784	          164 	
      785	          172 	
      786	          168 	
      787	          164 	
      788	          165 	
      789	          163 	
      790	          181 	
      791	          175 	
      792	          143 	
      793	          182 	
      794	          191 	
      795	          204 	
      796	          169 	
      797	          184 	
      798	          186 	
      799	          174 	
      800	          175 	
      801	          203 	
      802	          193 	
      803	          162 	
      804	          184 	
      805	          162 	
      806	          174 	
      807	          157 	
      808	          179 	
      809	          169 	
      810	          206 	
      811	          179 	
      812	          165 	
      813	          169 	
      814	          167 	
      815	          176 	
      816	          167 	
      817	          193 	
      818	          176 	
      819	          153 	
      820	          180 	
      821	          157 	
      822	          166 	
      823	          159 	
      824	          175 	
      825	          184 	
      826	          151 	
      827	          178 	
      828	          174 	
      829	          162 	
      830	          177 	
      831	          184 	
      832	          178 	
      833	          177 	
      834	          171 	
      835	          193 	
      836	          156 	
      837	          165 	
      838	          157 	
      839	          193 	
      840	          169 	
      841	          160 	
      842	          161 	
      843	          175 	
      844	          188 	
      845	          172 	
      846	          172 	
      847	          167 	
      848	          198 	
      849	          168 	
      850	          179 	
      851	          160 	
      852	          169 	
      853	          151 	
      854	          178 	
      855	          195 	
      856	          173 	
      857	          168 	
      858	          166 	
      859	          189 	
      860	          183 	
      861	          195 	
      862	          167 	
      863	          172 	
      864	          161 	
      865	          163 	
      866	          194 	
      867	          185 	
      868	          168 	
      869	          170 	
      870	          166 	
      871	          159 	
      872	          189 	
      873	          165 	
      874	          207 	
      875	          166 	
      876	          174 	
      877	          162 	
      878	          165 	
      879	          178 	
      880	          161 	
      881	          184 	
      882	          172 	
      883	          180 	
      884	          134 	
      885	          167 	
      886	          191 	
      887	          154 	
      888	          166 	
      889	          162 	
      890	          180 	
      891	          183 	
      892	          172 	
      893	          182 	
      894	          172 	
      895	          170 	
      896	          188 	
      897	          177 	
      898	          170 	
      899	          154 	
      900	          163 	
      901	          171 	
      902	          166 	
      903	          177 	
      904	          182 	
      905	          155 	
      906	          168 	
      907	          186 	
      908	          185 	
      909	          157 	
      910	          174 	
      911	          170 	
      912	          185 	
      913	          181 	
      914	          184 	
      915	          168 	
      916	          197 	
      917	          199 	
      918	          180 	
      919	          177 	
      920	          162 	
      921	          178 	
      922	          162 	
      923	          143 	
      924	          149 	
      925	          158 	
      926	          177 	
      927	          172 	
      928	          171 	
      929	          179 	
      930	          150 	
      931	          191 	
      932	          168 	
      933	          186 	
      934	          189 	
      935	          177 	
      936	          178 	
      937	          166 	
      938	          168 	
      939	          190 	
      940	          168 	
      941	          185 	
      942	          160 	
      943	          176 	
      944	          184 	
      945	          171 	
      946	          191 	
      947	          161 	
      948	          181 	
      949	          174 	
      950	          175 	
      951	          173 	
      952	          161 	
      953	          170 	
      954	          163 	
      955	          165 	
      956	          173 	
      957	          174 	
      958	          178 	
      959	          168 	
      960	          195 	
      961	          180 	
      962	          173 	
      963	          171 	
      964	          181 	
      965	          177 	
      966	          154 	
      967	          193 	
      968	          161 	
      969	          173 	
      970	          168 	
      971	          162 	
      972	          167 	
      973	          170 	
      974	          165 	
      975	          161 	
      976	          168 	
      977	          188 	
      978	          176 	
      979	          181 	
      980	          172 	
      981	          165 	
      982	          150 	
      983	          179 	
      984	          202 	
      985	          146 	
      986	          160 	
      987	          171 	
      988	          167 	
      989	          205 	
      990	          180 	
      991	          181 	
      992	          159 	
      993	          148 	
      994	          195 	
      995	          185 	
      996	          190 	
      997	          140 	
      998	          172 	
      999	          168 	
     1000	          191 	
     1001	          187 	
     1002	          176 	
     1003	          163 	
     1004	          176 	
     1005	          189 	
     1006	          189 	
     1007	          160 	
     1008	          175 	
     1009	          179 	
     1010	          173 	
     1011	          155 	
     1012	          172 	
     1013	          149 	
     1014	          161 	
     1015	          155 	
     1016	          182 	
     1017	          178 	
     1018	          162 	
     1019	          178 	
     1020	          173 	
     1021	          193 	
     1022	          164 	
     1023	          166 	
     1024	          188 	
     1025	          162 	
     1026	          168 	
     1027	          167 	
     1028	          179 	
     1029	          159 	
     1030	          199 	
     1031	          139 	
     1032	          180 	
     1033	          180 	
     1034	          157 	
     1035	          175 	
     1036	          176 	
     1037	          159 	
     1038	          172 	
     1039	          150 	
     1040	          161 	
     1041	          168 	
     1042	          188 	
     1043	          180 	
     1044	          163 	
     1045	          175 	
     1046	          178 	
     1047	          179 	
     1048	          155 	
     1049	          201 	
     1050	          168 	
     1051	          175 	
     1052	          166 	
     1053	          149 	
     1054	          174 	
     1055	          198 	
     1056	          172 	
     1057	          168 	
     1058	          164 	
     1059	          169 	
     1060	          164 	
     1061	          160 	
     1062	          170 	
     1063	          195 	
     1064	          193 	
     1065	          184 	
     1066	          140 	
     1067	          184 	
     1068	          180 	
     1069	          175 	
     1070	          166 	
     1071	          155 	
     1072	          168 	
     1073	          183 	
     1074	          177 	
     1075	          170 	
     1076	          179 	
     1077	          164 	
     1078	          188 	
     1079	          197 	
     1080	          200 	
     1081	          185 	
     1082	          191 	
     1083	          172 	
     1084	          160 	
     1085	          180 	
     1086	          170 	
     1087	          196 	
     1088	          203 	
     1089	          183 	
     1090	          172 	
     1091	          172 	
     1092	          206 	
     1093	          170 	
     1094	          155 	
     1095	          161 	
     1096	          166 	
     1097	          177 	
     1098	          176 	
     1099	          167 	
     1100	          168 	
     1101	          153 	
     1102	          181 	
     1103	          177 	
     1104	          191 	
     1105	          184 	
     1106	          201 	
     1107	          167 	
     1108	          187 	
     1109	          157 	
     1110	          170 	
     1111	          188 	
     1112	          160 	
     1113	          161 	
     1114	          180 	
     1115	          167 	
     1116	          174 	
     1117	          158 	
     1118	          158 	
     1119	          181 	
     1120	          177 	
     1121	          158 	
     1122	          184 	
     1123	          181 	
     1124	          173 	
     1125	          181 	
     1126	          169 	
     1127	          179 	
     1128	          153 	
     1129	          220 	
     1130	          188 	
     1131	          175 	
     1132	          155 	
     1133	          169 	
     1134	          178 	
     1135	          153 	
     1136	          158 	
     1137	          139 	
     1138	          172 	
     1139	          195 	
     1140	          169 	
     1141	          158 	
     1142	          166 	
     1143	          187 	
     1144	          155 	
     1145	          180 	
     1146	          172 	
     1147	          176 	
     1148	          180 	
     1149	          177 	
     1150	          146 	
     1151	          156 	
     1152	          194 	
     1153	          144 	
     1154	          170 	
     1155	          197 	
     1156	          177 	
     1157	          151 	
     1158	          162 	
     1159	          200 	
     1160	          182 	
     1161	          161 	
     1162	          188 	
     1163	          176 	
     1164	          166 	
     1165	          182 	
     1166	          180 	
     1167	          162 	
     1168	          162 	
     1169	          165 	
     1170	          163 	
     1171	          165 	
     1172	          172 	
     1173	          151 	
     1174	          150 	
     1175	          168 	
     1176	          174 	
     1177	          161 	
     1178	          152 	
     1179	          176 	
     1180	          183 	
     1181	          157 	
     1182	          152 	
     1183	          160 	
     1184	          161 	
     1185	          159 	
     1186	          165 	
     1187	          165 	
     1188	          163 	
     1189	          182 	
     1190	          176 	
     1191	          167 	
     1192	          185 	
     1193	          163 	
     1194	          172 	
     1195	          189 	
     1196	          146 	
     1197	          171 	
     1198	          175 	
     1199	          172 	
     1200	          194 	
     1201	          176 	
     1202	          156 	
     1203	          163 	
     1204	          186 	
     1205	          170 	
     1206	          174 	
     1207	          172 	
     1208	          188 	
     1209	          178 	
     1210	          167 	
     1211	          157 	
     1212	          188 	
     1213	          161 	
     1214	          176 	
     1215	          182 	
     1216	          162 	
     1217	          165 	
     1218	          163 	
     1219	          166 	
     1220	          165 	
     1221	          171 	
     1222	          173 	
     1223	          161 	
     1224	          167 	
     1225	          204 	
     1226	          167 	
     1227	          181 	
     1228	          151 	
     1229	          167 	
     1230	          168 	
     1231	          178 	
     1232	          165 	
     1233	          169 	
     1234	          171 	
     1235	          169 	
     1236	          167 	
     1237	          173 	
     1238	          197 	
     1239	          178 	
     1240	          157 	
     1241	          176 	
     1242	          157 	
     1243	          178 	
     1244	          179 	
     1245	          179 	
     1246	          188 	
     1247	          173 	
     1248	          164 	
     1249	          157 	
     1250	          162 	
     1251	          171 	
     1252	          158 	
     1253	          189 	
     1254	          198 	
     1255	          197 	
     1256	          165 	
     1257	          182 	
     1258	          147 	
     1259	          183 	
     1260	          189 	
     1261	          156 	
     1262	          185 	
     1263	          158 	
     1264	          152 	
     1265	          153 	
     1266	          194 	
     1267	          170 	
     1268	          180 	
     1269	          167 	
     1270	          190 	
     1271	          163 	
     1272	          192 	
     1273	          171 	
     1274	          196 	
     1275	          188 	
     1276	          185 	
     1277	          168 	
     1278	          171 	
     1279	          158 	
     1280	          184 	
     1281	          165 	
     1282	          199 	
     1283	          181 	
     1284	          169 	
     1285	          171 	
     1286	          201 	
     1287	          169 	
     1288	          179 	
     1289	          183 	
     1290	          163 	
     1291	          169 	
     1292	          162 	
     1293	          171 	
     1294	          189 	
     1295	          163 	
     1296	          178 	
     1297	          191 	
     1298	          175 	
     1299	          167 	
     1300	          171 	
     1301	          151 	
     1302	          178 	
     1303	          176 	
     1304	          163 	
     1305	          177 	
     1306	          188 	
     1307	          164 	
     1308	          162 	
     1309	          165 	
     1310	          161 	
     1311	          173 	
     1312	          175 	
     1313	          184 	
     1314	          170 	
     1315	          170 	
     1316	          162 	
     1317	          168 	
     1318	          187 	
     1319	          198 	
     1320	          184 	
     1321	          176 	
     1322	          167 	
     1323	          133 	
     1324	          181 	
     1325	          154 	
     1326	          145 	
     1327	          164 	
     1328	          188 	
     1329	          201 	
     1330	          181 	
     1331	          158 	
     1332	          180 	
     1333	          172 	
     1334	          185 	
     1335	          168 	
     1336	          188 	
     1337	          179 	
     1338	          162 	
     1339	          158 	
     1340	          172 	
     1341	          194 	
     1342	          170 	
     1343	          171 	
     1344	          165 	
     1345	          178 	
     1346	          173 	
     1347	          166 	
     1348	          166 	
     1349	          177 	
     1350	          180 	
     1351	          151 	
     1352	          166 	
     1353	          194 	
     1354	          158 	
     1355	          150 	
     1356	          153 	
     1357	          155 	
     1358	          159 	
     1359	          175 	
     1360	          161 	
     1361	          168 	
     1362	          164 	
     1363	          180 	
     1364	          187 	
     1365	          192 	
     1366	          170 	
     1367	          159 	
     1368	          163 	
     1369	          168 	
     1370	          161 	
     1371	          185 	
     1372	          189 	
     1373	          173 	
     1374	          171 	
     1375	          153 	
     1376	          162 	
     1377	          188 	
     1378	          156 	
     1379	          165 	
     1380	          151 	
     1381	          178 	
     1382	          200 	
     1383	          151 	
     1384	          187 	
     1385	          180 	
     1386	          182 	
     1387	          196 	
     1388	          156 	
     1389	          171 	
     1390	          173 	
     1391	          171 	
     1392	          170 	
     1393	          186 	
     1394	          180 	
     1395	          177 	
     1396	          163 	
     1397	          168 	
     1398	          183 	
     1399	          178 	
     1400	          177 	
     1401	          138 	
     1402	          173 	
     1403	          189 	
     1404	          180 	
     1405	          168 	
     1406	          168 	
     1407	          169 	
     1408	          170 	
     1409	          164 	
     1410	          161 	
     1411	          166 	
     1412	          169 	
     1413	          173 	
     1414	          185 	
     1415	          183 	
     1416	          148 	
     1417	          171 	
     1418	          145 	
     1419	          145 	
     1420	          162 	
     1421	          144 	
     1422	          181 	
     1423	          186 	
     1424	          188 	
     1425	          171 	
     1426	          162 	
     1427	          177 	
     1428	          176 	
     1429	          159 	
     1430	          176 	
     1431	          166 	
     1432	          173 	
     1433	          167 	
     1434	          171 	
     1435	          169 	
     1436	          175 	
     1437	          171 	
     1438	          189 	
     1439	          183 	
     1440	          176 	
     1441	          182 	
     1442	          186 	
     1443	          174 	
     1444	          180 	
     1445	          157 	
     1446	          157 	
     1447	          152 	
     1448	          173 	
     1449	          154 	
     1450	          178 	
     1451	          157 	
     1452	          182 	
     1453	          196 	
     1454	          174 	
     1455	          164 	
     1456	          200 	
     1457	          214 	
     1458	          174 	
     1459	          191 	
     1460	          158 	
     1461	          172 	
     1462	          162 	
     1463	          188 	
     1464	          170 	
     1465	          164 	
     1466	          190 	
     1467	          160 	
     1468	          172 	
     1469	          166 	
     1470	          172 	
     1471	          154 	
     1472	          177 	
     1473	          165 	
     1474	          165 	
     1475	          164 	
     1476	          165 	
     1477	          165 	
     1478	          179 	
     1479	          158 	
     1480	          184 	
     1481	          188 	
     1482	          169 	
     1483	          173 	
     1484	          164 	
     1485	          177 	
     1486	          190 	
     1487	          174 	
     1488	          177 	
     1489	          174 	
     1490	          181 	
     1491	          181 	
     1492	          166 	
     1493	          155 	
     1494	          185 	
     1495	          186 	
     1496	          176 	
     1497	          186 	
     1498	          173 	
     1499	          168 	
     1500	          157 	
     1501	          144 	
     1502	          175 	
     1503	          159 	
     1504	          167 	
     1505	          179 	
     1506	          165 	
     1507	          154 	
     1508	          163 	
     1509	          182 	
     1510	          169 	
     1511	          177 	
     1512	          170 	
     1513	          161 	
     1514	          190 	
     1515	          177 	
     1516	          161 	
     1517	          162 	
     1518	          168 	
     1519	          161 	
     1520	          187 	
     1521	          183 	
     1522	          161 	
     1523	          162 	
     1524	          135 	
     1525	          178 	
     1526	          182 	
     1527	          183 	
     1528	          192 	
     1529	          149 	
     1530	          182 	
     1531	          178 	
     1532	          184 	
     1533	          155 	
     1534	          187 	
     1535	          147 	
     1536	          182 	
     1537	          148 	
     1538	          175 	
     1539	          171 	
     1540	          173 	
     1541	          153 	
     1542	          155 	
     1543	          197 	
     1544	          162 	
     1545	          177 	
     1546	          169 	
     1547	          149 	
     1548	          161 	
     1549	          177 	
     1550	          163 	
     1551	          142 	
     1552	          174 	
     1553	          168 	
     1554	          172 	
     1555	          186 	
     1556	          178 	
     1557	          150 	
     1558	          169 	
     1559	          166 	
     1560	          181 	
     1561	          165 	
     1562	          164 	
     1563	          155 	
     1564	          162 	
     1565	          186 	
     1566	          181 	
     1567	          182 	
     1568	          175 	
     1569	          158 	
     1570	          149 	
     1571	          162 	
     1572	          185 	
     1573	          164 	
     1574	          168 	
     1575	          162 	
     1576	          191 	
     1577	          181 	
     1578	          152 	
     1579	          189 	
     1580	          181 	
     1581	          171 	
     1582	          170 	
     1583	          139 	
     1584	          194 	
     1585	          185 	
     1586	          200 	
     1587	          176 	
     1588	          185 	
     1589	          167 	
     1590	          197 	
     1591	          188 	
     1592	          166 	
     1593	          178 	
     1594	          173 	
     1595	          178 	
     1596	          167 	
     1597	          189 	
     1598	          159 	
     1599	          167 	
     1600	          172 	
     1601	          179 	
     1602	          185 	
     1603	          164 	
     1604	          179 	
     1605	          183 	
     1606	          161 	
     1607	          185 	
     1608	          192 	
     1609	          189 	
     1610	          187 	
     1611	          205 	
     1612	          169 	
     1613	          177 	
     1614	          176 	
     1615	          160 	
     1616	          177 	
     1617	          185 	
     1618	          175 	
     1619	          177 	
     1620	          163 	
     1621	          166 	
     1622	          167 	
     1623	          180 	
     1624	          154 	
     1625	          169 	
     1626	          169 	
     1627	          174 	
     1628	          160 	
     1629	          178 	
     1630	          194 	
     1631	          173 	
     1632	          186 	
     1633	          176 	
     1634	          190 	
     1635	          150 	
     1636	          158 	
     1637	          159 	
     1638	          181 	
     1639	          175 	
     1640	          179 	
     1641	          171 	
     1642	          144 	
     1643	          195 	
     1644	          192 	
     1645	          173 	
     1646	          178 	
     1647	          182 	
     1648	          172 	
     1649	          157 	
     1650	          187 	
     1651	          180 	
     1652	          184 	
     1653	          193 	
     1654	          164 	
     1655	          178 	
     1656	          162 	
     1657	          177 	
     1658	          168 	
     1659	          170 	
     1660	          192 	
     1661	          165 	
     1662	          185 	
     1663	          182 	
     1664	          154 	
     1665	          165 	
     1666	          159 	
     1667	          167 	
     1668	          187 	
     1669	          168 	
     1670	          191 	
     1671	          145 	
     1672	          170 	
     1673	          196 	
     1674	          157 	
     1675	          193 	
     1676	          170 	
     1677	          151 	
     1678	          168 	
     1679	          174 	
     1680	          160 	
     1681	          176 	
     1682	          154 	
     1683	          170 	
     1684	          187 	
     1685	          172 	
     1686	          187 	
     1687	          195 	
     1688	          176 	
     1689	          175 	
     1690	          183 	
     1691	          196 	
     1692	          179 	
     1693	          167 	
     1694	          157 	
     1695	          192 	
     1696	          169 	
     1697	          162 	
     1698	          160 	
     1699	          183 	
     1700	          175 	
     1701	          178 	
     1702	          184 	
     1703	          185 	
     1704	          141 	
     1705	          181 	
     1706	          180 	
     1707	          151 	
     1708	          187 	
     1709	          152 	
     1710	          161 	
     1711	          170 	
     1712	          167 	
     1713	          200 	
     1714	          169 	
     1715	          175 	
     1716	          167 	
     1717	          167 	
     1718	          170 	
     1719	          167 	
     1720	          143 	
     1721	          142 	
     1722	          184 	
     1723	          166 	
     1724	          177 	
     1725	          204 	
     1726	          149 	
     1727	          162 	
     1728	          171 	
     1729	          163 	
     1730	          172 	
     1731	          176 	
     1732	          166 	
     1733	          174 	
     1734	          179 	
     1735	          175 	
     1736	          181 	
     1737	          163 	
     1738	          170 	
     1739	          195 	
     1740	          179 	
     1741	          157 	
     1742	          186 	
     1743	          158 	
     1744	          176 	
     1745	          177 	
     1746	          165 	
     1747	          173 	
     1748	          172 	
     1749	          190 	
     1750	          167 	
     1751	          170 	
     1752	          163 	
     1753	          173 	
     1754	          168 	
     1755	          164 	
     1756	          183 	
     1757	          171 	
     1758	          162 	
     1759	          152 	
     1760	          183 	
     1761	          170 	
     1762	          184 	
     1763	          161 	
     1764	          182 	
     1765	          158 	
     1766	          155 	
     1767	          173 	
     1768	          190 	
     1769	          162 	
     1770	          175 	
     1771	          175 	
     1772	          168 	
     1773	          180 	
     1774	          188 	
     1775	          168 	
     1776	          174 	
     1777	          196 	
     1778	          184 	
     1779	          170 	
     1780	          168 	
     1781	          186 	
     1782	          150 	
     1783	          177 	
     1784	          169 	
     1785	          185 	
     1786	          179 	
     1787	          175 	
     1788	          191 	
     1789	          185 	
     1790	          191 	
     1791	          192 	
     1792	          195 	
     1793	          154 	
     1794	          179 	
     1795	          163 	
     1796	          167 	
     1797	          167 	
     1798	          165 	
     1799	          180 	
     1800	          183 	
     1801	          159 	
     1802	          181 	
     1803	          179 	
     1804	          194 	
     1805	          167 	
     1806	          177 	
     1807	          162 	
     1808	          191 	
     1809	          177 	
     1810	          147 	
     1811	          183 	
     1812	          176 	
     1813	          168 	
     1814	          163 	
     1815	          152 	
     1816	          178 	
     1817	          165 	
     1818	          171 	
     1819	          161 	
     1820	          140 	
     1821	          173 	
     1822	          164 	
     1823	          169 	
     1824	          199 	
     1825	          191 	
     1826	          181 	
     1827	          176 	
     1828	          188 	
     1829	          156 	
     1830	          181 	
     1831	          172 	
     1832	          156 	
     1833	          156 	
     1834	          178 	
     1835	          174 	
     1836	          176 	
     1837	          164 	
     1838	          162 	
     1839	          164 	
     1840	          176 	
     1841	          176 	
     1842	          184 	
     1843	          185 	
     1844	          181 	
     1845	          182 	
     1846	          170 	
     1847	          164 	
     1848	          156 	
     1849	          167 	
     1850	          170 	
     1851	          166 	
     1852	          167 	
     1853	          170 	
     1854	          166 	
     1855	          164 	
     1856	          175 	
     1857	          146 	
     1858	          168 	
     1859	          159 	
     1860	          180 	
     1861	          182 	
     1862	          164 	
     1863	          179 	
     1864	          146 	
     1865	          186 	
     1866	          165 	
     1867	          171 	
     1868	          184 	
     1869	          155 	
     1870	          165 	
     1871	          176 	
     1872	          192 	
     1873	          174 	
     1874	          162 	
     1875	          184 	
     1876	          181 	
     1877	          180 	
     1878	          167 	
     1879	          149 	
     1880	          186 	
     1881	          182 	
     1882	          157 	
     1883	          157 	
     1884	          157 	
     1885	          167 	
     1886	          160 	
     1887	          168 	
     1888	          164 	
     1889	          169 	
     1890	          182 	
     1891	          169 	
     1892	          170 	
     1893	          178 	
     1894	          187 	
     1895	          183 	
     1896	          171 	
     1897	          169 	
     1898	          174 	
     1899	          184 	
     1900	          169 	
     1901	          157 	
     1902	          168 	
     1903	          196 	
     1904	          147 	
     1905	          164 	
     1906	          174 	
     1907	          189 	
     1908	          166 	
     1909	          186 	
     1910	          157 	
     1911	          181 	
     1912	          177 	
     1913	          161 	
     1914	          161 	
     1915	          166 	
     1916	          172 	
     1917	          169 	
     1918	          166 	
     1919	          180 	
     1920	          166 	
     1921	          194 	
     1922	          172 	
     1923	          157 	
     1924	          189 	
     1925	          168 	
     1926	          194 	
     1927	          172 	
     1928	          188 	
     1929	          181 	
     1930	          170 	
     1931	          173 	
     1932	          161 	
     1933	          162 	
     1934	          148 	
     1935	          170 	
     1936	          178 	
     1937	          185 	
     1938	          156 	
     1939	          157 	
     1940	          186 	
     1941	          187 	
     1942	          174 	
     1943	          180 	
     1944	          171 	
     1945	          159 	
     1946	          173 	
     1947	          175 	
     1948	          180 	
     1949	          158 	
     1950	          174 	
     1951	          175 	
     1952	          172 	
     1953	          157 	
     1954	          188 	
     1955	          187 	
     1956	          175 	
     1957	          186 	
     1958	          185 	
     1959	          179 	
     1960	          177 	
     1961	          176 	
     1962	          169 	
     1963	          182 	
     1964	          176 	
     1965	          158 	
     1966	          171 	
     1967	          171 	
     1968	          188 	
     1969	          209 	
     1970	          198 	
     1971	          175 	
     1972	          164 	
     1973	          186 	
     1974	          165 	
     1975	          170 	
     1976	          201 	
     1977	          181 	
     1978	          180 	
     1979	          174 	
     1980	          176 	
     1981	          152 	
     1982	          166 	
     1983	          171 	
     1984	          166 	
     1985	          171 	
     1986	          195 	
     1987	          168 	
     1988	          184 	
     1989	          177 	
     1990	          169 	
     1991	          176 	
     1992	          171 	
     1993	          184 	
     1994	          204 	
     1995	          177 	
     1996	          174 	
     1997	          181 	
     1998	          185 	
     1999	          169 	
     2000	          163 	
